1	1	1	0	1	1	1	1	1	1	1	1	1	1	1
1	1	1	1	1	1	1	1	1	1	1	1	1	1	1
1	1	1	1	1	1	1	0	1	1	1	1	1	1	1
1	0	1	1	1	1	1	0	1	0	1	1	1	1	1
1	0	1	0	1	0	1	1	1	1	1	1	1	1	1
0	1	1	1	1	1	1	0	0	1	1	1	1	1	1
0	1	1	0	0	1	1	1	1	1	1	1	1	1	1
0.333333333333333	0.333333333333333	0.666666666666667	0.333333333333333	0.666666666666667	0.666666666666667	1	0.333333333333333	0.666666666666667	0.666666666666667	1	0.666666666666667	1	1	1
0.500000000000000	0	0.500000000000000	0.500000000000000	1	0.500000000000000	1	0.500000000000000	1	0.500000000000000	1	1	1	1	1
0	0.500000000000000	0.500000000000000	0.500000000000000	0.500000000000000	1	1	0.500000000000000	0.500000000000000	1	1	1	1	1	1
0	0	0	0	0	0	0	1	1	1	1	1	1	1	1
0	0	0	1	1	1	1	0	0	0	0	1	1	1	1
0	1	1	0	0	1	1	0	0	1	1	0	0	1	1
1	0	1	0	1	0	1	0	1	0	1	0	1	0	1
0.934475087955887	0.934475444031686	1.58108489851841	0.999999999999885	1.44008564672077	1.44008585179752	1.88017149851841	0.999999999999885	1.44008564672077	1.44008585179752	1.88017149851841	1.88017149851841	1.88017149851841	1.88017149851841	1.88017149851841
0.855995537101025	0.813231532428104	0.999335009189765	0.826615389746049	0.979583334798908	0.970781287803887	1.08404366748932	0.823336751154164	0.973637870151044	0.968960233423772	1.08013588760924	1.08368909854894	1.09275554594906	1.12571032978378	1.13477609700152
0.728368361111669	0.232746024266935	0.869503707456698	0.710889921108158	0.842338855776564	0.849383615089670	0.979303808306068	0.277505251863197	0.888517434025541	0.352061339829887	0.953836306082480	0.940828590314584	0.971976790985723	0.965209210602216	0.996186132579685
0.804737287153993	0.260052715227758	0.971367038152252	0.308075188672307	0.993653368100288	0.398353935642999	1.07319261414033	0.786637180842654	0.933323998176401	0.949979360698980	1.09521226946245	1.05132685100082	1.08498824412665	1.08311009984005	1.11663402576299
0.305491252266879	0.899181186789897	1.10874748483663	0.887577776244892	1.09433446172168	1.04642333837397	1.25129583537798	0.356178142742500	0.446134134679081	1.13523170109147	1.21789933995794	1.19897975854281	1.22769544107047	1.24289750774268	1.27146921212230
0.281656613978098	0.863653479648421	1.05240190539593	0.327845654941910	0.425087793371697	1.07583595624579	1.16233538306582	0.848784455113778	1.03450901980837	1.00048947844182	1.18465736938226	1.13558858351988	1.17145800386696	1.17286339566207	1.20855207646298
0.773583048087105	0.506435236593054	1.00102667179616	0.763104048642649	0.874804040059014	0.984693962521928	1.09169387150700	0.536733206866348	1.00006477686595	0.588147844915041	1.05147627472210	1.06439997614586	1.09169397644854	1.06441862692045	1.09171256456532
0.485711883292260	0.325789231524685	0.589745152122738	0.351356077264445	0.586031763261484	0.382212282848599	0.616885579764780	0.474403666339753	0.549527447500926	0.573945995113720	0.645258999663056	0.629923438546615	0.645258791434973	0.629933818951342	0.645269169697202
0.560251829976902	0.894627482259232	1.20025668795417	0.881963974759112	1.17894912579880	0.994406158442573	1.28950948770411	0.594637109460641	0.657565983070305	1.20463781681033	1.26756534367938	1.27215411665708	1.27216536819731	1.28950927909215	1.28952052123648
0.589057204988725	0.833591862300010	1.09718422517143	0.611331703673233	0.659537684467764	1.09451558831530	1.14271697403537	0.829106204620206	1.08932452416953	0.937424830008372	1.19107019363311	1.15786958709108	1.15789757620780	1.19107069380985	1.19109857067586
0.438509506879898	0.977604427306111	1.29078831718873	0.972266935177945	1.28187334491484	1.07905826321657	1.38779505867543	0.310652760345258	0.622422187117720	1.21343509234849	1.45617508465764	1.25741208030573	1.45833514816421	1.27788873361950	1.47833320958736
0.776394642061625	0.201898083894622	0.909141666067892	0.589649332662667	0.996315495552794	0.698107461230365	1.10471000892754	0.513990062234179	1.00546883857879	0.611716020753893	1.10318895693367	1.09226764338344	1.12718280664571	1.09266898382193	1.12719409812529
0.350014473004149	0.201757411452309	0.415717017421215	0.0891116371681899	0.393504534654698	0.250029120577005	0.454272414886653	0.347011322635552	0.377185661477512	0.411972533436070	0.440912295504224	0.406073097518162	0.415707131951146	0.460142339252628	0.468827663423264
0.863319991087007	0.187674120678826	0.997651846858457	0.805205256335840	1.15081365958118	0.933411278020159	1.27658853508818	0.440499480506538	1.18688186764977	0.522420687253609	1.26275742845378	1.23424433141609	1.28477290856573	1.26712782067614	1.28516068081506
0.638386366170446	0.118460119133411	0.723015036725441	0.416915627972707	0.799893625115648	0.486807125616797	0.869651508891995	0.143487525499999	0.726712551852525	0.260450042283056	0.811230105310499	0.560353646322164	0.872380407837462	0.626629449973079	0.938537732028939
0.635207523575215	0.642633529049665	1.24151913933587	0.688065176479549	1.27156606924606	0.799839086640432	1.37984842785574	0.681279543303197	0.792490114666087	1.27209637904214	1.37984957604433	1.36466509934284	1.37984876314637	1.37984832521829	1.37984957686247
0.858547353494133	0.216235744239654	1.00962318057890	0.453710922967879	1.18322754395657	0.543636622632150	1.26631464361114	0.802908807801630	1.14712378445997	0.946390765757094	1.28757454445705	1.23900397252897	1.29882297497269	1.27287885344201	1.29883800990918
0.981509549474414	0.601417723292494	1.37358746075857	0.605886392499303	1.37515126024409	0.909290692477057	1.62609146672212	0.959493587352368	1.28731705854685	1.42725872113114	1.67939445480147	1.52462829676913	1.59645466859225	1.71185955589757	1.78163673570260
0.209024548436039	0.826071162883068	0.968653480334316	0.629821647277754	0.746598175246895	1.07668314649132	1.19345170471028	0.569341147142340	0.677344146612073	1.08545584378280	1.19345170050403	1.19340011274452	1.19340011288775	1.19345204090708	1.19345204104895
0.360021807957697	0.792610813654221	1.05078844833881	0.777415171463092	1.02081034229409	1.03917252676607	1.27784862449484	0.385595674759874	0.615871070823931	1.06597054840143	1.26181776070870	1.12229309918002	1.27663743712913	1.25009912277835	1.34245355508370
0.207763843514961	0.930268592961143	1.08641057439792	0.874256544121210	1.02237616502770	1.24102992647995	1.38736191425097	0.475625804663438	0.572060041858965	1.28437024046702	1.37557182785232	1.34608842296207	1.37878004108929	1.39436087187264	1.39816724826218
0.258572541701154	0.442003548738613	0.533512085302010	0.103209822402098	0.330131321849147	0.497283268765171	0.586679543222703	0.437516824392616	0.527753547326979	0.494446159042156	0.581907061028677	0.519371346836867	0.599008057239037	0.537212781059454	0.614528542713522
0.625686181313792	0.969844939222753	1.35469336311201	0.640972680120215	0.913320726477067	1.35839000653515	1.58487208390073	0.951598922039052	1.41034047791990	1.29613555584938	1.68035859422585	1.52208635320231	1.67970055523720	1.61923209447217	1.77396004619611
0.219494488627871	0.863669312662692	1.01740088884614	0.453973838571850	0.544483040059449	1.18562461942133	1.26984549244643	0.807818115930363	0.953738542457689	1.15137801733903	1.29435158222636	1.24519659158689	1.27718410165465	1.30600422319602	1.30600561066590
0.273641982102143	0.893645974122715	1.10194099607388	0.313833163313484	0.416740744514789	1.10634797308149	1.20714026815092	0.912432418151884	1.10685180311430	1.62627255342260	1.80077848798390	1.19828679304785	1.24189521422118	1.83860387471209	1.88221229585285
0.778722818282102	0.229623936266982	0.962845220223151	0.281487147049491	0.950532392276128	0.382777352384311	1.04987607005133	0.812591875379990	1.43713083130631	0.964663899833611	1.58057758029962	1.06979781538899	1.60892496635602	1.11126226715572	1.64341270354084
0.669725421923306	0.189116174574367	0.813095918186027	0.687416284733515	1.24109674778476	0.802805054444029	1.34623030318186	0.226245487101502	0.799217041473172	0.332737534272514	0.902353504496891	0.894152057597854	1.37058571569777	0.942363822465369	1.41878443522884
0.673062841088586	0.672432526173872	1.28995859165706	0.229412720942758	0.808017911155398	0.809072329021998	1.37323340953770	0.229513721449551	0.808059306542895	0.809113873362550	1.37323540243595	0.458717144077313	0.927455608901473	0.927156947351314	1.38627963455752
0.197657055943590	0.197535820520560	0.218217021324819	0.152906137271211	0.223880803643522	0.223714864572408	0.242120847846121	0.159100602574785	0.222171045007183	0.222000095697076	0.240140823058900	0.234435406557320	0.247872458179519	0.247637506425265	0.261073068576690
0.697045002249385	0.745642207059432	1.07935717089501	0.727833606893380	1.07541657705286	0.801468468023882	1.13344495055608	0.718097768092923	0.777170072355245	1.10054587715652	1.15194156970096	1.12054059024945	1.15465184058329	1.15298825655552	1.18478326253245
0.889013149253406	0.423620481844816	1.15167852111857	0.558315820546587	1.19049147608331	0.678672899764981	1.31084803515848	0.834470097209381	1.09819254484457	1.07572276924215	1.33779937366539	1.31650194722474	1.33779914130605	1.31650670549237	1.33780389428336
0.934020240546753	0.726747678742951	1.27787404206779	0.750241788326939	1.27088581341274	0.933563680780113	1.42764337483193	0.921173229098871	1.14499922993806	1.27118779133745	1.46881452707634	1.39438716792098	1.47348274903163	1.46131955160878	1.51714502524412
0.639535332844142	0.491194665113048	0.789459711678151	0.491462791145267	0.789375367770152	0.493082091186786	0.790905680465313	0.783753660663757	0.992419304326981	1.01595004294107	1.14217410869273	1.01749612772765	1.14219411637695	1.01781751828788	1.14248897165223
0.786487255741105	0.602419211061323	1.01053108210619	0.773505066117707	1.32426820566419	0.986624860367960	1.39196426704537	0.767259549159488	0.887059727465441	0.975037397705895	1.09071170878774	1.34734577393044	1.41675198437858	1.34844133570382	1.41784712459716
0.335913764092856	0.605355812026275	0.750774713190088	0.487955985470933	0.591759347372639	0.733011844482258	0.836815196918024	0.482408616461211	0.583895984244627	0.735327033135255	0.836814391755101	0.836756911077186	0.836756911094537	0.836989879980038	0.836989879997387
0.627977691511554	0.883205838381789	1.18436474730297	0.873279229312235	1.16573935018150	1.08012473916408	1.35846884447682	0.659741524417965	0.806797515208894	1.18097318390953	1.30960929786078	1.29973836228960	1.33935808201174	1.36039234249136	1.39903863704464
0.385264841364020	0.784786430666808	0.996782863586329	0.726031812358561	0.918506416568534	0.958139619776552	1.14838353374053	0.501141384715425	0.600813715712418	1.01817862986278	1.11784751429210	1.12639839233334	1.12642034345083	1.14838270375589	1.14840456817111
0.537080271232664	0.702504409091507	0.881417268978370	0.693098450440297	0.865220620756494	0.792450951114024	0.957745169995346	0.698178064658053	0.873986087509216	1.16943836424775	1.21630123532158	1.19424870669075	1.19549810787041	1.25411964575317	1.25536851936248
0.645355898464754	0.932134405352962	1.27927411188801	0.673666262896554	0.831125440490103	1.27990269039542	1.41871246776097	0.924510567030835	1.26396153663752	1.13316108635366	1.46046087999169	1.39470257654244	1.44267994583847	1.46002433659862	1.50716294939555
0.616240192117155	0.810812175969609	1.05157384522534	0.602855262199086	0.782555072819550	1.05470303333893	1.18030960302960	0.819016371560660	1.06691289865772	0.996015486744006	1.22022897542462	1.16026306193201	1.23103298594193	1.23067760877961	1.29735562132613
0.354365534488741	0.797200352636222	1.00275377844255	0.486091268657930	0.586129471421079	1.03681953969521	1.13672653368434	0.727707752750898	0.913325000889469	0.951035582203934	1.13660942896227	1.13575640301962	1.13672661361021	1.13660116049186	1.13672674293104
0.419401628650355	0.584200118613494	0.719535151962118	0.571606560338473	0.700348036656447	0.961238840528044	0.997167532392665	0.576250705491526	0.707451416474285	0.648059093847619	0.775075469289159	0.978773077301331	0.987287317108760	1.02117480275782	1.02968904142205
0.619176577883526	0.534000114736539	0.732905875516920	0.605590950163457	0.812877418173541	0.706492691203586	0.870888751028274	0.810923463942364	1.14569412090594	1.06057643221908	1.22949818725104	1.22685022648295	1.33392808737028	1.22689400188474	1.33396503180161
0.623755308825176	0.698093106064944	0.824003182936345	0.686417138036894	0.797981774623268	0.910263398896915	0.969237562648634	0.881805914551303	1.18194907903601	1.25701525252558	1.35244509689051	1.34833470133001	1.34862990804782	1.46326751324389	1.46356260653716
0.563390141136548	0.646715431441272	0.766044411880048	0.844590342647583	1.11661843260104	1.20098688003573	1.28990778012659	0.634008576471786	0.740334195164122	0.851302290888127	0.910401074219099	1.28640146868651	1.28640746305922	1.39958459849821	1.39958979734926
0.917585733928556	0.726148659472596	1.23900036061726	0.742093834353176	1.23320907962620	0.864312287578513	1.34002067037271	0.903825039279869	1.07692895704076	1.25831003915943	1.39214514593867	1.30871126305610	1.39215394151329	1.35581901316014	1.39223006042139
0.830164449825415	0.385483232379123	1.05708996777010	0.714679822544193	1.04348796299040	0.903323841011504	1.23213119660894	0.578327564042795	1.09196078080068	0.748301412339533	1.25228829771499	1.22953428289129	1.22958534699233	1.25226571124420	1.25230878865089
0.844119035629380	0.463206668541957	1.10065435985858	0.839617961204763	1.00509821148608	1.09410758062290	1.25227764093838	0.356731393868302	1.06402020567651	0.664946095977225	1.26845553614458	1.13311859364854	1.19518099072872	1.29157766989631	1.34989238366277
0.871561904388726	0.348103730977620	1.09551348817877	0.837145622603342	1.06471554913886	1.05142057233586	1.27652993714636	0.391371522549695	1.11461944074021	0.602849803948404	1.28405693867703	1.19972257023320	1.23958957934530	1.29501263359807	1.33406767603695
0.754403796945408	0.478211834269447	0.970866707879084	0.743987748762201	0.840716387095157	0.955200540529346	1.04854214064452	0.582653660339867	1.22725723181976	0.857817400109740	1.35009794492705	1.24267983287070	1.30163445977423	1.32386851072107	1.38194519645773
0.764803097168839	0.398530844265419	0.973625955022976	0.559946266313538	1.01930834234594	0.686811356964235	1.14088100733125	0.658131297432446	0.981486924949049	0.890971688334460	1.17874640939952	1.12317766271945	1.14514916310262	1.17874574301250	1.17874966557212
0.705506604050250	0.531722868189260	0.888050525178594	0.543079942904034	0.884728087664781	0.584085342177968	0.922149399249256	0.827896859653124	1.17721986548891	1.16726899792598	1.35954912012577	1.19534536269392	1.34587858892137	1.21815118662503	1.36754034096213
0.328932838039870	0.646360841459782	0.802760252277259	0.545207872372459	0.670659735441495	0.777431450502976	0.902883198658325	0.443212527454250	0.563477301263578	0.809883528435403	0.917793773870308	0.882109809528324	0.901497592482866	0.922410911454004	0.941798692191665
0.471256704595917	0.846371721039497	1.10597592702652	0.838747341718066	1.09477171489060	1.01153888273044	1.26033540379300	0.319596383902796	0.684286829749772	1.05029203098213	1.28076027747169	1.11690587875505	1.30308895186305	1.17762079948658	1.35920287917282
0.351584621775381	0.836661994398717	1.05226794512099	0.803424879142387	1.00970421549407	1.00864334318293	1.21244176330486	0.385101624310054	0.583678018853797	1.06560529053991	1.22237901207936	1.14666956846125	1.23338544492277	1.18237699669799	1.26833807104927
0.356664020416103	0.598339751053956	0.743256735806024	0.594398811823960	0.737921096647997	0.643970825957160	0.785563008056432	0.420852426159628	0.656220643093818	0.949240480747220	1.04279326405583	0.956773769063904	1.03243862379192	0.988923721970602	1.06381250393070
0.277209466362518	0.565700005238475	0.691111627672252	0.432195942978555	0.520522881128033	0.687867620514972	0.776192972860819	0.116531123455020	0.364395750432505	0.635472073346286	0.757276950184828	0.528386154153168	0.607329321537317	0.757481837600356	0.836424922899978
0.363828480540456	0.728091370084300	0.916290564297725	0.517741012928031	0.630459281578682	0.972199890660594	1.07836747326879	0.618008555084909	0.859748008376747	0.941006798349469	1.12638098928293	1.05906049917673	1.12637858773680	1.08337953070702	1.12639207893193
0.604893351894172	0.816098511983923	1.06386643678331	0.828185398223859	1.08572378076043	1.40661673863578	1.52730379068954	0.745165644119987	1.01642173957562	0.978138587329969	1.20740217321828	1.43334523352173	1.48149922502537	1.54606801797769	1.57814671321067
0.592852492003165	0.877015032093622	1.17331203850553	0.633117035775215	0.717983979591195	1.17232167347549	1.25555812661322	0.630032123150668	1.18415838826812	1.47945407067130	1.75905649927817	1.26002304188208	1.26722821757799	1.75909682901091	1.76483700909489
0.879819892092746	0.627025170598765	1.17806615891781	0.663103976979315	1.17350419238886	0.737983137753478	1.24837959732325	0.633042944937112	1.48111959290858	1.21690835966871	1.76214178029403	1.28994210815449	1.76214221329361	1.28997032770481	1.76216705937046
0.674847826353122	0.670450048197830	1.14665421892190	0.438689176607609	0.852414241541489	0.845959101430031	1.23554968935074	0.171428076106989	0.780901964649261	0.776058069704551	1.23561731707559	0.606569598251571	0.928977620955829	0.921516860774840	1.23882126843037
0.728918767878031	0.606590754446688	0.899997122299797	0.682055427875253	0.831367051586359	0.891283440559680	0.992668588801309	0.628660053733876	0.885622090708685	0.678222248111965	0.935184268275675	0.944608276481848	0.988053817689818	0.962275852225254	1.00572115845636
0.645817600743767	0.103865424725953	0.713591325335854	0.431761380694667	0.814576612454412	0.486993418309746	0.869617928988735	0.437769928134951	0.812160505311349	0.493019514194236	0.867365992285524	0.866571139088820	0.871232894232979	0.867531094921950	0.871609938876728
0.882811692674928	0.201547465365330	1.02820983175782	0.533586829510539	1.17587048078397	0.633794136913277	1.27607778795584	0.876340697781164	1.41203900247860	1.02150206579614	1.54583778732008	1.39901305998241	1.59623474457033	1.45369680330178	1.65091848625073
0.498982998617541	0.0834371539420980	0.549160995232821	0.261055060083684	0.605651725333757	0.297039209315391	0.641540135201190	0.236931841144317	0.601833204141520	0.270449634102777	0.635317513143108	0.480827150250631	0.704974621889470	0.482339227210996	0.706484231695992
0.493368223004395	0.454511454837671	0.931307568012093	0.523660027993826	0.574503117457088	0.959925888798693	1.01076208350792	0.731924717194390	1.21358324101563	0.936281402585773	1.41077243860522	1.25378829117728	1.27199915663506	1.44088409231416	1.45905239529824
0.668702038344768	0.335294535622807	0.832738417141075	0.473215134153600	0.840370118848638	0.591369284356422	0.951729563416757	0.561356928656128	0.810115695444218	0.692485517268974	0.941243672850948	0.931380286490506	0.953454909161458	0.943878663699127	0.965953286356209
0.678431494132489	0.148443534232546	0.774201879626759	0.466397326511679	0.856207342214018	0.542531555518026	0.932321903108603	0.456635157742159	1.08262762267343	0.537469347482899	1.14096859952355	0.914288612178204	1.25487884778324	0.922097083952261	1.26257584657913
0.749659635006216	0.146952995720577	0.858619450105661	0.779127270258616	1.14267953709289	0.880562151333924	1.24140061278656	0.175202857741057	0.864624431656847	0.221829562891663	0.910744700741532	0.934138779708338	1.25481764156169	0.952781491033656	1.27254528468755
0.660707366538552	0.171179522051999	0.764686299363300	0.653591444433369	1.28801288970404	0.756824642286723	1.34525609845348	0.631542954708659	0.915312825266994	0.732504935874503	1.01090178019046	1.27327314685511	1.42016875161456	1.31811664279193	1.42023060675833
0.892076335440923	0.171393790361024	1.03089431511728	0.200255157219698	1.03788031163822	0.272794121785125	1.10870580374624	0.949759568972088	1.39595663965635	1.08360130975821	1.52614707303356	1.14171739149519	1.52822083257112	1.17839135176282	1.56460862630638
0.623674338988204	0.127429302898451	0.705206336341465	0.412031547008343	0.980266436849304	0.488667253734318	1.03747491888741	0.421227360031028	0.778174472564252	0.486560130966439	0.843479608307664	0.826380442606156	1.12672735716806	0.840547338916452	1.14069073325831
0.910102358965008	0.442921866716543	1.20069633375519	0.791774896052999	1.19759448712706	1.08145998494795	1.45856534489111	0.662187936180966	1.24764138640695	0.833560138445885	1.41791639209355	1.40911095721171	1.41830534597814	1.44943655929589	1.45863094756214
0.260481126064877	0.831952277976798	1.03242874106102	0.604387145637375	0.788982670602056	1.09258937316081	1.27385112994490	0.594042984712626	0.777036237101714	1.09386689660215	1.27364984046098	1.18963858711163	1.25445792055279	1.25181819593307	1.29941135919535
0.431548929942626	0.933555727270127	1.24643760874605	0.750105670144343	1.00605205888027	1.26975776674814	1.52494055190198	0.752295972945451	1.00905091612159	1.26896002255263	1.52493820689952	1.47161488165112	1.52151385514302	1.49143376533418	1.52694549202886
0.106713347264336	0.664422638165365	0.734807546890952	0.449396489005269	0.506630080042737	0.839660445863994	0.896838147482817	0.448257612259488	0.505409555167749	0.839414398761164	0.896516624977604	0.895022000608877	0.896608073606056	0.896961143257250	0.896961143258099
0.189388000815610	0.838176446285374	0.970675763723648	0.503490369219193	0.595563146259543	1.10033131139793	1.19240408467193	0.838007700231815	0.970517010792530	1.32036288444382	1.44244212928168	1.31957926451629	1.37484777512751	1.49589620835995	1.55116471814211
0.181814871720470	0.842178503109317	0.970535725981681	0.827273700037293	0.955828046338097	1.31060924923188	1.42963438990339	0.502841352970461	0.592521266046868	1.10635566728552	1.19603557314774	1.31326632644205	1.36584369998568	1.47888688514039	1.53146420674760
0.839295630595813	0.617646951087404	1.10394049074825	0.773786971544605	1.00460195461859	1.06832813963066	1.25429214609875	0.852179932654421	1.48456768847761	1.12765493162390	1.60439241482560	1.50591924550053	1.62517706538311	1.55784666253759	1.65826949288227
0.145429441685504	0.666146843552404	0.760200083081941	0.445243413070148	0.519039096476435	0.839311505923967	0.913074729048160	0.447094830015394	0.526523445471282	1.05262689714146	1.11237696623006	0.882675034880674	0.891696769905507	1.21997391997219	1.22879022030130
0.177158847361691	0.903505941340580	1.04818660690091	0.991020076176513	1.13635927349133	1.46967784817288	1.60838456334883	0.225828128545405	0.279914225256106	1.06720081356269	1.12058120991149	1.21096924730676	1.22944379775734	1.59340348685971	1.60904724176336
0.175491162325249	0.915765445902111	1.05353946007581	0.205778209131332	0.281714444298873	1.06842503008755	1.13934158024984	0.978446467541968	1.11972575941614	1.42793413995241	1.56167358218808	1.17847678819671	1.21776427390690	1.55741744186566	1.59635387637983
0.119597602467961	0.582224465003664	0.661417102759671	0.386059271106487	0.447440458311370	0.903866530838493	0.953955320818866	0.381365542624267	0.445452423708175	0.721022972283214	0.785024369399509	0.757724351018327	0.767810999704295	1.03600082479188	1.04534321692648
0.569596055181881	0.572276929915591	1.05625777564754	0.267364972933750	0.747696653980703	0.754137054078905	1.20009211817430	0.268308625274639	0.749246582700151	0.751150311166982	1.19877561463147	0.535643224612145	0.895326898131202	0.901700311505480	1.25313456958446
0.776302125688202	0.431664652702310	0.996769025026598	0.305278350207752	0.957632881222737	0.612801428529316	1.14464782252259	0.771977806973503	0.919381570441738	0.990700770179841	1.13101071406818	1.01941192037638	1.07421297146497	1.16895458796453	1.21961686988965
0.170450241683222	0.565230254290082	0.685721990073988	0.568328526413460	0.663178187062776	1.03480233957550	1.11806667657236	0.568491979532777	0.663359918567557	1.04006161033396	1.12268499128407	1.13036888714298	1.14957481271572	1.49387728674167	1.50292541331357
0.877362105710905	0.348436015092367	1.10313584757935	0.399844057139059	1.12602299389231	0.603442140484752	1.29180305822815	0.842703798069914	1.07122506138871	1.05866759323003	1.28485911706654	1.21262833340020	1.25134554510948	1.30208473743253	1.34010172394710
0.658245370363789	0.812177080968005	1.03894867395082	0.775302600092128	1.00231151534197	0.920088458573624	1.12731437954596	0.688931822500563	0.759829573150770	1.02132205609529	1.09221980560358	1.08914108919885	1.10233102296530	1.12887256794935	1.14206249938369
0.596398802325740	0.368082394929649	0.741029600920360	0.429487948490387	0.949131846947356	0.668385018594094	1.04131715408645	0.596935260170869	0.653461451804314	0.741767933523907	0.794743269222793	0.961719639074175	1.00078905886115	1.03718541186567	1.07484987750238
0.499862222821137	0.246606299336054	0.604610326152928	0.0790543283778485	0.547353920716844	0.319516574952456	0.652014801133584	0.378475477390324	0.600782706441379	0.451162416250412	0.673469641335161	0.453770509198087	0.644400737560113	0.523743404656134	0.714373491043588
0.161120742087784	0.386284363343214	0.453949476205979	0.191545530415347	0.330139570834750	0.459151813519042	0.526673559162868	0.304849141159951	0.358563324110085	0.450883761772218	0.504597940349007	0.484362587504225	0.526593891785695	0.484642755759754	0.526874056895896
0.317936317042999	0.633173690606505	0.783716057410221	0.486512886454448	0.734099935606617	0.790909379720142	0.940910234535709	0.444095558263005	0.532234951497169	0.812733586093103	0.897712233222637	0.886949045528657	0.947160428304555	0.901903303030889	0.955299985293485
0.544110799735543	0.939124966867355	1.27204397022022	0.341794236775269	0.796898951169152	1.18024238043968	1.48609100635587	0.932267365254307	1.26024895146896	1.13423254020010	1.45440371755483	1.25006080086669	1.50458913038209	1.32244837551297	1.57152595835915
0.358057914570500	0.904495570113091	1.14314774771614	0.409030628562519	0.625244669148748	1.16722141873176	1.34458379472178	0.872099848275854	1.10081270912945	1.10956491093430	1.33593342178200	1.25626001754842	1.35436007416689	1.29733853772559	1.39469880238058
0.501952255315710	0.770954892514295	0.996876066123693	0.600234625764300	0.874401904334668	1.25704790581856	1.36919504260249	0.767417130638580	0.991401529318472	0.848884016602662	1.06873254213205	1.27254450600439	1.35264813669818	1.32696252743421	1.40609039191160
0.646169748197973	0.873906697083482	1.16478394175654	0.590980412162884	1.19680989920780	1.43671561052952	1.71135379310914	0.676117629478540	0.743945051805838	1.15836070653705	1.22618793232005	1.26020927834556	1.26021099538513	1.71135382858511	1.71135536626988
0.885521004753460	0.654965398814932	1.18624344018827	0.592384371264443	1.44990794403731	1.20581061992194	1.73319614531982	0.686892033848541	1.17958017134127	0.759414781918724	1.25210290260898	1.27298960568205	1.73319307453313	1.27309151586050	1.73329496941477
0.680695117380923	0.679189799521290	1.17831324043029	0.183117089709604	0.792515096335497	0.790843397569684	1.26998742284080	0.437172717246382	0.860977749532868	0.858781847395454	1.26420154514374	0.620123372524306	0.957309333090124	0.954796579500306	1.28444866126831
0.738349984527503	0.606618518841380	0.918420174052876	0.631617420073515	0.903213675849873	0.686105007589286	0.957701002706602	0.693190376045455	0.840679091194630	0.907531355294940	1.01088944284100	0.968175196590206	1.00516814052374	0.986209453757423	1.02320222735285
0.542933344293942	0.669984019858997	0.822117798585733	0.567877803438698	0.615712818229734	0.808617826810159	0.856452781029243	0.621048123864445	0.808621002688809	0.762453063365478	0.906004152447720	0.864023850896832	0.880823881683620	0.900884899609846	0.917684926488615
0.654926622837334	0.384041652724967	0.822292648082342	0.534406085892615	0.799120079633998	0.651452242583881	0.916161867936684	0.534963234591955	0.798850927477403	0.652278557905124	0.916161867964387	0.916068342333811	0.916161996894712	0.916068346689297	0.916162001250178
0.820886138630140	0.901634388713248	1.33369062228580	0.843925019819940	0.929964818692089	1.33493577141069	1.41883838720422	0.886632583304108	1.30421447940359	0.980242587832808	1.39667130408782	1.36974632970436	1.41083036161981	1.40822425773078	1.43277897640635
0.805402108105668	0.547626618575372	1.05160499211927	0.792987715258592	0.974153453181493	1.03115311970223	1.20099670568801	0.572545174628131	1.04991844742556	0.717056705902586	1.16879794946137	1.15265585783058	1.20268245827491	1.19704369519664	1.24596281379624
0.918579985175630	0.557168973552544	1.24031892475148	0.877007246132852	1.15097513572086	1.17024729437318	1.43935184198482	0.663986208299668	1.25192495625610	0.803619956516186	1.39155532055750	1.40317269113260	1.43937403014611	1.40320244751703	1.43937404629067
0.579324595215522	0.417833445373543	0.712439170241600	0.566324352260117	0.646167533007205	0.692593047312206	0.768669724081987	0.567709284938119	0.933703748995019	0.694720282428513	0.979913726597075	0.952447973975271	0.996180583182468	0.969479866298231	1.01321119520120
0.594355121238114	0.478354526567703	0.748610877490382	0.304256428516040	0.731919249869551	0.581112397549034	0.848326637335165	0.353294764374195	0.737688860619430	0.574791452233064	0.840797439230727	0.621439192551951	0.873555110836494	0.648457305713355	0.900374759058436
0.485302439891364	0.298396392575576	0.590523590470053	0.373035426379060	0.580056192903537	0.448184803596516	0.649319535831662	0.419315732880734	0.559724538761134	0.500541568359978	0.640950103079734	0.641766004780205	0.641775195058207	0.649310680759762	0.649319870394261
0.397898038898119	0.306977536613128	0.550040144599179	0.193498108696895	0.473297478933988	0.462464904836355	0.624766675458971	0.386308399903154	0.540685938028872	0.450201128444941	0.604167136046978	0.549324063941866	0.591424022239004	0.605220276897849	0.646106010893543
0.594981251090933	0.280144247433647	0.740074846905541	0.328805532680071	0.736356725589444	0.557435425776873	0.880702870547352	0.486313980896938	0.731071539326311	0.591363031664702	0.834718140068513	0.790948367232255	0.821804772435781	0.865222770853322	0.893966599304014
0.798096318249897	0.277594244336583	0.971847496759967	0.533215566243802	1.03995259273486	0.689131535670056	1.18242593459936	0.643309335817635	1.01754335073256	0.786168529195548	1.16040152734246	1.15400289901954	1.15401313870909	1.18241572489051	1.18242596452525
0.880436250049262	0.557007036797119	1.17594476363024	0.688667397079789	1.16828808130438	0.970644516842487	1.40740173755640	0.783147303334189	1.13754511207045	1.01389871086940	1.36529267801080	1.35032743060952	1.36798424880202	1.41444263890259	1.43160517512025
0.580392812973717	0.262879440929636	0.705943487584034	0.324735354319480	0.716860346645556	0.444990531901860	0.809575993125735	0.593150280508099	0.842905640132095	0.721385207806955	0.954532785018024	0.860512795231483	0.947802689873890	0.899962380034199	0.983883411618295
0.865874430286726	0.418086962260151	1.11731573238774	0.748830401138144	1.31210662961971	1.03011267380501	1.54140947253665	0.672965942844369	1.14275690376012	0.849501138352808	1.31929209926832	1.38810789445978	1.49140544330230	1.43814085865133	1.54143840749382
0.344283036982897	0.116007660632462	0.395705104309474	0.133282606575899	0.400042232636483	0.226739282659347	0.450600532990617	0.217812106869005	0.408285772671957	0.252325796055902	0.442798794130010	0.336634152360646	0.460816197400279	0.362705402421686	0.486887447459993
0.501495904676138	0.538490027850664	0.720842699676079	0.436065949011851	0.578279325067257	0.727556721464914	0.797462037986233	0.550359069910631	0.720163099200166	0.581422876649421	0.749338183527132	0.747367290094965	0.793952011060743	0.770276526985078	0.816202555390824
0.860292639133275	0.496573881767791	1.13276664124806	0.765894924926152	1.18871043971968	1.08742710401741	1.44929077359892	0.678231681497392	1.23214417283124	0.851346398774957	1.38640995996865	1.33265257783075	1.41149460796752	1.44145601967878	1.46278565924338
0.708711719397926	0.518260887052764	0.896538589682734	0.769789396779091	1.14633495605548	1.11709561682348	1.33416177199719	0.524916863323803	0.896567418104388	0.660256502816103	0.995366387372409	1.17227251225534	1.30974040406488	1.25432041668534	1.38159410649683
0.731243218083836	0.379856359613125	0.924284026029069	0.590624837916116	0.912668344649258	0.816141093910034	1.09543283789651	0.681204691169810	1.21868205735804	0.857353627544894	1.34085426241787	1.22638646153131	1.34377561183661	1.27889715531531	1.38552397887686
0.810318769506611	0.497485243346327	1.05692684033027	0.878043225030040	1.34030953449404	1.20137727516838	1.57533509426945	0.584768330548675	1.05790668525562	0.691641085205062	1.16463997002392	1.36202643693123	1.55399343957688	1.38489915618141	1.57609118093271
0.673257737494328	0.456085433206038	0.849239350407470	0.616000015929420	0.815859864223308	0.790111985303750	0.971284238129716	0.541716161650815	0.864103107834407	0.638062172794731	0.953026204948630	0.937084681033824	0.958187443820800	0.971283196260415	0.971288126610934
0.712479558704735	0.563231153167576	1.07677585569808	0.367713316880757	0.896744423021653	0.829458620689473	1.25147486154703	0.325208802945215	0.885632543809767	0.694394141654682	1.18076904515941	0.692922116732529	1.04333261594113	0.925116263556410	1.27225993665338
0.651712602987265	0.744560696226504	1.09716606848931	0.621654519004930	1.08614381425479	0.922217326699915	1.27481846763768	0.721415251724000	0.849041056550046	1.13425725444100	1.25395612633987	1.19235934064705	1.28049700461337	1.28521033870823	1.37330846651072
0.303384719806257	0.239282311647886	0.412607794871748	0.111850442638436	0.349417320189824	0.305041536595406	0.456553543752752	0.348500745657844	0.429624528955650	0.411932847104807	0.491853225238713	0.423882945451783	0.469242198916003	0.477563536329489	0.522709726049521
0.324686199416818	0.387487140910345	0.560629608247894	0.156318074464883	0.417612989222863	0.454403030547883	0.623321321446423	0.448975301541813	0.537960314666831	0.562811601057077	0.651659990699633	0.555616354265643	0.630652227146544	0.621704665254754	0.696506756811786
0.928151598344993	0.462782872994822	1.22452228722913	0.503310108405618	1.24016130925768	0.789826525822472	1.47005426328079	0.899495454805743	1.20455743294549	1.18160957812735	1.47929963172503	1.36522988968745	1.44019715604784	1.49177576327893	1.56427974825143
0.706122556514528	0.476242451038652	0.897783017185365	0.535179701697294	1.12330355137273	0.848995175688963	1.26543011219993	0.704627748648406	0.849962319935708	0.895496952344486	1.02860029455725	1.16101439275117	1.25183807055803	1.26033714561848	1.34629840942557
0.541642175915851	0.263407715402957	0.658781995932298	0.140031653849380	0.620165738163423	0.347413491003171	0.725750491417088	0.429725106322620	0.649990995208284	0.517699226879719	0.737965115751826	0.530300903806756	0.728266601915418	0.601389553895144	0.799355250872535
0.734538774698669	0.637431856521515	0.890850046875909	0.853719703163191	1.12491679858744	1.12744913176499	1.27240015395164	0.645706732299967	0.888376836085795	0.682265527831407	0.920345683389881	1.16510869851598	1.27741365543241	1.17136289414834	1.28260079992813
0.792941604791031	0.423842781801576	1.01825345347364	0.678673739943772	1.40323657578091	0.901069942624075	1.49540689187019	0.791267700178699	0.977087329537211	1.01593223666145	1.19210210335446	1.43377870982144	1.56390802977407	1.46587084971730	1.59529475161115
0.566797281579529	0.192222836890579	0.668685530061291	0.173191056225991	0.661537888851028	0.320901991086955	0.754397128207358	0.442073631475009	0.686524725586310	0.525239952395411	0.769688036714987	0.593942525544422	0.777516322993423	0.652683151061293	0.836243751893053
0.509188960021741	0.599568725797829	0.868800573754810	0.203089736150260	0.663217141848277	0.709865746898196	0.978351895671670	0.564459425782354	0.644280204074086	0.879817646865453	0.958882168208511	0.723991984422074	0.798028757618581	0.990037466340674	1.06384027866682
0.491704059396590	0.224329705999401	0.590608715815360	0.273393954237707	0.704371687751898	0.434418181437645	0.787369268151601	0.376628468325451	0.588813782197788	0.449517951863395	0.661703265098144	0.612189900076822	0.801477324444293	0.658113226498960	0.847400650585854
0.370348434193562	0.764919489362936	0.967836854390359	0.435436298397408	0.726844089072023	0.983139525383979	1.17836100712337	0.644559864369379	0.806765574308517	0.951550668398982	1.11360349477605	1.05132050364132	1.15522824710760	1.11208831187829	1.21599512220432
0.565170778792612	0.890855292156222	1.19464966021327	0.681705831619897	0.969183425496434	1.19212416907867	1.43340054398799	0.805921179113590	1.05150864514983	1.14868875417606	1.39063887647961	1.36991588523414	1.44185864200874	1.39176081930888	1.46305843580656
0.241463958261597	0.735128232314445	0.881313355248578	0.476594093853810	0.619973388275019	0.941877145425862	1.06757387401887	0.580250991399046	0.700111025708237	0.924314846545438	1.04416924694139	1.03592311942202	1.06752726072665	1.03596975512675	1.06757389637862
0.351465674399546	0.639656774214570	0.797903933460592	0.432271929459698	0.545050113878692	0.800868182011827	0.899970925230798	0.680240374291015	0.851077397566529	0.992775453047605	1.12864772452356	1.01577796056738	1.03966392925234	1.12806693809417	1.14936946694432
0.440939189241977	0.875139755755250	1.13852310656769	0.772047314523730	1.04814701686196	1.35225882038413	1.58029552916761	0.696052399461022	0.883390474122209	1.15440745063932	1.34174552529928	1.42676945851955	1.46544446161338	1.54163390455142	1.58030890764507
0.154861547559746	0.414036300101863	0.484095393539526	0.194944475195069	0.291853655591624	0.492738294377929	0.555313408310478	0.263580752739142	0.308312085335984	0.497128104938007	0.541858825661786	0.419552030617533	0.444777891982529	0.575371780657248	0.600597641454525
0.503328845357373	0.887500702520652	1.17620991788227	0.779394536351788	1.10009486141629	1.22609149024618	1.49634345548572	0.706584953571842	0.895698424276963	1.26280907431199	1.43830695940904	1.39106512666534	1.49225016893119	1.45402970864396	1.50547660633277
0.568726370550414	0.875845713297542	1.16962597691518	0.736986432353210	1.17878904869277	1.20945447477381	1.50307645263128	0.723680701439972	0.907926338818762	1.24458907476438	1.40803679941197	1.37860922331651	1.51794261801400	1.44441437067486	1.53937622142725
0.711563774332881	0.660124039195140	0.972192706836168	0.605395678529314	0.973497834131294	0.757087994331155	1.06712745911582	0.724760056854992	0.766635146770427	0.964134881954127	1.00577974685169	0.997536910713806	1.02840820249254	1.05861494985159	1.08643116221305
0.377628997937210	0.684054624911217	0.860850098879123	0.555588544187903	0.755850357950585	0.841715402368866	1.00527306215894	0.648295857454754	0.812547462760193	1.12280656387375	1.23425926030775	1.13733405783898	1.18050496749513	1.23880711954389	1.27304022932558
0.454785868812656	0.786244223429715	1.01513435343153	0.833455707681204	1.14924226689690	1.27367484822824	1.49894455125358	0.543629070009166	0.642116933345224	1.02030312789446	1.11878920875253	1.29502808371440	1.32725628533760	1.46702980798277	1.49925758986202
0.484834476325110	0.608259277092048	0.935269076555528	0.300844554787413	0.734088601290781	0.748790563518197	1.07549348131105	0.283095603587656	0.589594660002236	0.744852659452736	1.00795288647593	0.583614316364911	0.815211078188681	0.855387177999367	1.08471284289634
0.390529162762002	0.809583904589151	1.03140796120310	0.389106328686023	0.674403303524069	1.06288217406587	1.25797115830318	0.782103324907195	0.994741894943565	1.03357615561209	1.23854035923669	1.13069775149524	1.27822479943321	1.20145772681831	1.32616878327893
0.541518602246997	0.797290891851637	1.03849423434441	0.626979863373701	0.962004479686083	1.28774881455621	1.45368868173901	0.788491906322553	1.02411694533837	0.962896427246194	1.18661081870307	1.32808297867546	1.43197811819654	1.43362509770674	1.53370625474777
0.270697268871224	0.553137525851409	0.674309325720144	0.126262009742223	0.362724955550853	0.628343784801009	0.745010169469908	0.430453995256958	0.518494608462385	0.668330329023230	0.756370926140192	0.533218115608627	0.610105641372621	0.743371357386499	0.820258881286845
0.566993614224340	0.909081332838254	1.22610767558122	0.554392038343716	0.859715453483374	1.22387455090487	1.45291198614314	0.899959015244880	1.21044786536796	1.18382647963942	1.47715610589394	1.35796050327289	1.49304274231550	1.45666771614833	1.58639901579735
0.168017347575984	0.491016493958778	0.574755718931484	0.155206749395128	0.279180038063150	0.570449824248455	0.646008695095506	0.373751417887827	0.440780094913245	0.588628107396277	0.655655792886048	0.505171934798229	0.551173020984955	0.665778569629495	0.711756230648716
0.690203618335461	0.847180395436350	1.21138759821263	0.315739119929517	0.915839575356009	1.04947049139691	1.40233093962133	0.849380305558345	1.19220419366000	1.00654686948563	1.34339405223298	1.11150974826578	1.41566832525728	1.18232311890096	1.48582174940282
0.268585921812707	0.582059084640999	0.709340579168220	0.348066807045205	0.512307494554631	0.827782177668872	0.926611169928947	0.446811340004207	0.539920222396397	0.709520823064591	0.802629273311699	0.735833177233761	0.781231721136114	0.955243247923345	1.00064086297685
0.806816663700104	0.479334945514109	1.04918264609746	0.560155222182696	1.05338283868140	0.664978004025905	1.15668897194523	0.763951443786711	0.962544354963132	0.985252228480220	1.18101560309285	1.16016530092370	1.18092663999401	1.16501025974562	1.18575170235634
0.745254546915378	0.762975800823515	1.13464476994512	0.467869534369620	1.10775989750218	1.14983723486527	1.49202280505736	0.749826646146610	1.11930350893240	0.824738335484889	1.18852113922715	1.15837065979223	1.48089526203471	1.19670600948688	1.51619822300311
0.876770223860196	0.416501006906668	1.13180619291074	0.725236487306573	1.34790814851050	1.08525008166313	1.60235638553295	0.565528408275242	1.17091702292495	0.691676172639530	1.29706014890474	1.26915263440769	1.61684634768480	1.34747602290234	1.69516730661492
0.702445376625144	0.576535873395427	0.865457571932427	0.608628894226000	1.02796051369670	0.820313739739179	1.10650330808824	0.701718873708257	0.771508993916864	0.864091794124263	0.925944641713079	1.05352768915808	1.09412484943989	1.10531601308518	1.14434359964652
0.283041465538477	0.561419774968704	0.686824507909627	0.406041714357990	0.623431051314533	0.855904244104562	0.975294619171590	0.378537326504840	0.445680467058411	0.691637878546535	0.758776116447268	0.739665324153495	0.784100460589987	0.985604406089707	1.02999535830471
0.552715944216389	0.359317584656799	0.680671602919786	0.485057493177901	0.640146359756791	0.583344924754907	0.738432290123439	0.432107920774780	0.667137516550845	0.509132592581625	0.741557578392440	0.727636597855836	0.749164743538416	0.731919676778529	0.753447805555068
0.746177383298034	0.699189755814827	1.01266729603385	0.760830463678976	0.809940179469388	1.00596769901338	1.05426596191333	0.646150925689456	1.01554447806780	0.802693603343126	1.11322211245148	1.04406222562719	1.07913541015272	1.10710126669973	1.13992857987949
0.406393251375261	0.297191096686934	0.484510632611789	0.405541750984733	0.466517447619141	0.481212423638495	0.537018198116216	0.205251697247726	0.485060820750590	0.388131381759559	0.553898813841858	0.519247723939262	0.539387181910837	0.571969820826722	0.589262144794196
0.562084338381427	0.337952859357771	0.693563439533282	0.529623408946052	0.661259423886640	0.649549272781280	0.777519307586957	0.368153766108637	0.693291647031417	0.480588737684451	0.777462818927905	0.758698710012343	0.777807779853481	0.790807482585364	0.809336877129690
0.820897877313243	0.697761653596054	1.03465274008984	0.821537408658023	0.910238692311219	1.03608806004878	1.11301495039784	0.735047371393209	1.22157485012970	0.978476261416959	1.31358868518108	1.25444632358295	1.30761356175183	1.31239866262521	1.36371477601820
0.844293338647475	0.582557408049093	1.11615427197360	0.679875360950731	1.09575394851217	0.818383329077238	1.23422411711279	0.785819979767820	1.03818863846213	1.01430464378915	1.26262602721611	1.24301522324970	1.26278233521559	1.24326838845859	1.26278244650732
0.677024507708441	0.567073760639486	0.822579080707023	0.573898473065758	0.818450886308996	0.603055552841920	0.844879628432934	0.767979813589007	0.984002945692004	1.00541842091937	1.12708416137286	1.03079591464990	1.12345931063056	1.04087157086304	1.13282225611813
0.336410025954610	0.571386809785888	0.705933810814539	0.503896811251690	0.614084740155714	0.662186541437244	0.772374470182696	0.417492869341086	0.507808883772821	0.700425632387217	0.783615171909978	0.772880364365305	0.783613352336661	0.772894491657537	0.783627477928154
0.330686898622107	0.549547720938233	0.676517785595630	0.517950706364288	0.633825427258587	0.644147669243482	0.756556246351056	0.358396145020535	0.468679008798294	0.676245504996301	0.757818056293334	0.738772788695514	0.770561849965265	0.756878420352749	0.788101444503790
0.255973744412403	0.429105205820602	0.516890871918959	0.318503617497957	0.383876252340328	0.510494233152098	0.568470890976070	0.371814033560120	0.441279782059728	0.489724929085206	0.559190540189948	0.559968105716680	0.568466953105443	0.559972110829421	0.568470958056318
0.647007414384432	0.773765905249794	0.966346727649837	0.767629107794515	0.953645706954798	0.853218799283326	1.03199988002174	0.680376768311276	0.915416268290465	1.13202304328657	1.22920307629130	1.16197434285016	1.21878445045067	1.20739734478776	1.26276199830094
0.405405644145494	0.617726420920685	0.770546994914995	0.498463621612668	0.589197852392374	0.772046417297756	0.858958817429160	0.544153390723855	0.694861271010789	0.746595300175386	0.878554433754115	0.850630271881683	0.878551695570754	0.863781171392322	0.878563301865410
0.681324102396185	0.782577968958435	0.961022420288016	0.688125295080054	0.722385909304576	0.955212422435857	0.986826080315680	0.882204941285413	1.17414664666677	1.15482404567088	1.32492654095142	1.20849800882784	1.21434348898179	1.32615582317925	1.33114920555115
0.517564389273453	0.622292356422219	0.770736472960285	0.611008165871472	0.728607232288149	0.783940367710820	0.886281880718591	0.446020516865362	0.742284021824679	0.778006117261109	0.919310053697851	0.876167031772732	0.953192434288892	0.924770025310234	0.992753966172301
0.694851622888578	0.613787741674547	0.825448154479452	0.686236443816523	0.835456155857285	0.806871974191446	0.931093951055584	0.746507823296144	1.10233601526700	0.997451830327221	1.19093918113300	1.16015214886667	1.23865954562966	1.18668882106586	1.26207131254806
0.603686203467479	0.681131433000903	0.804833464876703	0.672333914074731	0.785931959133259	0.826546921585813	0.912729076043821	0.755181442800095	0.990886244870178	1.09021522271743	1.17216523892775	1.15219172515692	1.16929533487197	1.23175163987829	1.24676995966072
0.590788532364221	0.832735267085989	1.09553504573990	0.776588367190235	0.995858181073747	1.02799291713544	1.24151387900961	0.691771996970483	0.836459944579321	1.10556442590288	1.24151018429016	1.21485461948154	1.24151173475890	1.24152099184359	1.24152099777768
0.807305474122556	0.384517756866450	1.02677092453595	0.631637891369767	1.04022593576216	0.790567301629029	1.19915149329421	0.642982954237499	1.03591821241822	0.806219915749041	1.19915152478975	1.19875791756219	1.19876289704874	1.19915085035759	1.19915582983125
0.798679478906760	0.296959814396512	0.981365936220768	0.601263169621455	1.03307510187817	0.739236445500862	1.17104837775747	0.605095670314855	1.03211317803557	0.744030819811063	1.17104832743484	1.17105040624728	1.17105041095972	1.17108861740964	1.17108862212208
0.889285006456459	0.548493907719115	1.18927355433178	0.758210858976685	1.15412440076817	0.973257957739039	1.36915921418037	0.749974855232118	1.15976056904112	0.959385560198783	1.36915923091604	1.36908566378983	1.36915921467889	1.36915924571948	1.36915924572006
0.480489476962831	0.257841704681407	0.582180329754833	0.362464222179855	0.575710197799411	0.428192797650261	0.641438771853651	0.470320335981001	0.713714380651634	0.569423476324544	0.791276198341107	0.736414890825145	0.791198301199311	0.738439030691838	0.793222440852801
0.486746932239083	0.253948487030830	0.589528221534334	0.474461137612980	0.720689133020502	0.574236849817914	0.800157116437745	0.361801570073977	0.585273312160968	0.427913725163525	0.651385466945844	0.743998047117041	0.800073406596662	0.747132682826264	0.803208042261652
0.468470198119532	0.182226974096384	0.553392123937773	0.304924021141122	0.567715191358440	0.359348907772966	0.622139550489275	0.282347153217971	0.568282783656390	0.330926447520384	0.616842975338541	0.507106916465273	0.667442169398110	0.507172753537386	0.667508006269298
0.649119799652851	0.760114148593692	0.936481705051813	0.848478859983937	1.14290180111066	1.11386149243856	1.28777548037754	0.657699001176659	0.685248545506296	0.930166015412170	0.957366840663643	1.17071032495883	1.17823878340177	1.28140849000347	1.28883735655026
0.521001092137079	0.519736588038975	0.756815051437220	0.527397005590209	0.564682304934139	0.767433741270041	0.797345893349568	0.650840744688828	0.960824661219440	0.798319921714468	1.03539833227199	0.978809910591068	1.00399210587182	1.04385307428531	1.06832043881548
0.667108938753478	0.671754259490421	0.964422525379665	0.804834029030956	1.01914891224117	1.21046343264903	1.31638420039465	0.674185728439344	0.968932381288049	0.732677495709084	1.01714139520032	1.23146229992824	1.31680601918566	1.27023251223004	1.35406356919435
0.841191447007264	0.468698400251939	1.09806184880821	0.790497564820549	1.08668335179835	1.02349659615536	1.31179735657171	0.594091645394047	1.14463171498170	0.747706504539898	1.28576841090740	1.26066966968044	1.32022693318471	1.30088503570723	1.33725343760554
0.826917291294284	0.582303142013009	1.08608978555970	0.805250957427270	1.01971270118098	1.04841907356679	1.25028017556766	0.793644091175407	1.43688369061615	1.05274865083950	1.55110640281260	1.44873327828949	1.57822579291330	1.51834724129897	1.59463382483319
0.581730810314018	0.216620288270668	0.694676701443421	0.436137643579164	0.712628724874919	0.522520753872869	0.798962962865231	0.307739744700455	0.716982960241025	0.360282215117450	0.769501597868848	0.664409013962136	0.847197441913764	0.664409224142416	0.847197562662871
0.479247630279191	0.239614751546646	0.578300815331164	0.366349553361802	0.572746620652811	0.435679266828173	0.642076334118037	0.362871105984892	0.700553295759728	0.431092107161534	0.743666192135401	0.625730779233230	0.792408603308951	0.625739418540731	0.792417242597371
0.812923111443637	0.326579216907809	1.01172928522601	0.818238840293984	1.13213011648043	1.01836845363417	1.31890477945358	0.355458703774418	1.02335384760463	0.389205481359826	1.05709932526676	1.07848345524696	1.34255365661833	1.07849447835162	1.34256453596351
0.662045158108703	0.838419383630833	1.19338791698777	0.748320648673508	1.01876850163612	1.03321686006213	1.30232342660636	0.781516579296312	0.973020284223747	1.15990368471279	1.35121045250095	1.27435848964055	1.32358878583298	1.33442654173768	1.35121982224970
0.865515637661772	0.652724809549166	1.17780725284411	0.733373770859745	1.24535125955022	0.875326815194924	1.36236165499331	0.818011107323262	1.01407761490877	1.15040316842361	1.31553426798132	1.32656462874280	1.37225167693698	1.36595858822187	1.41140546125136
0.645193169913928	0.797300965009962	1.03134346644853	0.545943823675333	0.794169258233805	1.03834551588131	1.17196513825529	0.816412458989639	1.05300258572762	0.927149407607262	1.14810734914203	1.08608628481989	1.20171975057744	1.16819395820852	1.28054116413061
0.692740809877807	0.892490862376917	1.22042693853072	0.848912426162291	1.19117428660623	1.04752245399859	1.36116813769296	0.770690551585533	0.922792499044512	1.28749315463288	1.41160324724466	1.37524070343032	1.41343526908991	1.42177652155975	1.45970504037034
0.277680784806907	0.464037605748373	0.562433317594021	0.288539553021867	0.397789498046792	0.562431660513595	0.633458173303407	0.437473108054712	0.527520961602406	0.543334283034356	0.630005651500254	0.613502374656658	0.646893372582307	0.630031419118081	0.662590712163747
0.776934584575023	0.588323785386357	0.997148324672403	0.795971579819795	1.34583751123847	1.03106953475450	1.43277958867948	0.768594604044331	0.982109086530726	0.982157211776987	1.17253479170871	1.40937749191021	1.53798030936840	1.40947931943204	1.53808212130691
0.431941666556857	0.165223039262176	0.507127288514040	0.226525771163858	0.520046922953710	0.260198590234349	0.553562188673858	0.318635900690847	0.516132173887336	0.375396404391276	0.572814058278770	0.469173421290576	0.602731146079034	0.470107828006011	0.602731253438459
0.880068460805501	0.374304235755622	1.11861601813404	0.393601972526160	1.12702833590388	0.432741765130718	1.16467687277544	0.892178216791187	1.23597320320524	1.13469461212609	1.46219945113843	1.18345879497541	1.48259438463664	1.19055123952119	1.48949802264987
0.400169987028936	0.203051069232596	0.477275158374763	0.302952325492510	0.588095138845128	0.355695563115011	0.615859861714287	0.305715454132966	0.471327676946798	0.359295976627299	0.524908199441131	0.511155934956341	0.655411255867929	0.511165134681524	0.655420455593109
0.447203364585982	0.907156736473437	1.18718486706421	0.763465399430527	0.981203104055994	1.19636706482349	1.41408943820987	0.709768019722470	0.903772275019280	1.22008833098790	1.41408956029781	1.41390797634206	1.41408949951799	1.41408943628667	1.41408956058895
0.513896515758307	0.841538067045281	1.10715305779037	0.707189946451676	0.895004427943665	1.07481383813787	1.26260789781917	0.709868378349362	0.899721167455094	1.07307797342843	1.26283603303221	1.26127873394823	1.27682945352304	1.26139345030516	1.27683533062792
0.300779302353594	0.771985775100054	0.950522876667505	0.550841009858936	0.676003124568312	0.996045148977156	1.12120279464245	0.615803282843410	0.758229988246041	0.978670574279109	1.12109727824856	1.12111653018459	1.12111653023356	1.12120286314540	1.12120286319436
0.245512478737600	0.466311456432254	0.563163018062528	0.346026040967650	0.407651986067598	0.558657257349933	0.620283202420137	0.458254418196656	0.553167970481643	0.688479271828095	0.763813354244279	0.710636417034548	0.714765788675171	0.763675043539022	0.767804415175803
0.313028279107477	0.612135119713295	0.756040956331873	0.593557357618147	0.732355988785326	0.906231984735890	1.02205797183107	0.448173378493569	0.538824441101725	0.756743491284907	0.847394553497074	0.944643733604585	0.957658380211825	1.02210548224254	1.03512012879325
0.230331019082669	0.576384367026772	0.692384016348980	0.334793407134056	0.394681537443128	0.712575792854735	0.772459896340340	0.399369270769823	0.478403447157985	0.711094193232902	0.790122357522010	0.641147868939654	0.641193075050462	0.846940352561761	0.846985558486541
0.364481251656769	0.463407864266459	0.660758095778620	0.380095400906561	0.557677574545721	0.542870324597980	0.716970809345148	0.343587965401312	0.582189157685069	0.554940271679245	0.748415528245418	0.616399186421934	0.761636187765144	0.616405025872577	0.761641621289720
0.474253828737368	0.870927628021286	1.14301983574994	0.822415350239224	1.07138011578004	1.15823655361361	1.39680253735588	0.634171078288872	0.785576617429065	1.23760611903832	1.37375776736991	1.33444666988937	1.38269943699372	1.40869896785019	1.40875036797352
0.263059779669294	0.477092711237586	0.578407920022242	0.435611665680053	0.525363869712643	0.571786616861581	0.658285126476628	0.444474742716476	0.536810712006851	0.775379331881835	0.825892745926229	0.795676195623834	0.795697335499008	0.856298720364073	0.856319052518485
0.205725683582753	0.562444663733326	0.668371352798007	0.411846160724490	0.491701906663572	0.688056378993380	0.767908116087455	0.306666032173504	0.360271009393462	0.691643119905592	0.745245848857913	0.644481708131654	0.644481760414074	0.816751869863361	0.816751894500707
0.279944005035939	0.532046769068479	0.649536805919684	0.415153297589926	0.497352399475532	0.639745768861410	0.721944870746387	0.404303435551714	0.482529501313408	0.791096669818664	0.834684511080753	0.698130214587781	0.698158969423238	0.893854303750778	0.893883058585546
0.356839948177582	0.787484794041632	0.991144412051962	0.796232994144166	1.00240359490986	1.07072315741301	1.26243020723040	0.376046766479713	0.403140181806220	0.997516567513543	1.02458009235088	1.04698670891435	1.04716920067987	1.28010118079197	1.28028066244875
0.234733048381953	0.592447342906712	0.712645777238154	0.311109285252702	0.361341280647804	0.730995572765247	0.781222613154639	0.443971776145404	0.534336524073632	0.727253256549011	0.817618004212627	0.659400213662338	0.659570322225230	0.864922827176225	0.864944991241132
0.337792639270274	0.799681747343374	0.999662675198815	0.364189162355868	0.396666592488352	1.00946916154068	1.04194537502413	0.803213633960734	1.00412094920484	1.11441970515605	1.30101821460884	1.06082011549487	1.06083015988109	1.32394078235079	1.32395069449561
0.255242201463055	0.521055324878507	0.632323228530973	0.389428291926511	0.465032646160222	0.760560300858487	0.811117915284807	0.400069390120285	0.479109276047705	0.627576319984206	0.706600266033561	0.686976525997402	0.686980335307456	0.866146103082391	0.866149910983751
0.637822723486792	0.636710944697771	0.819459799791680	0.860663971436418	1.14067985716022	1.14097983471655	1.27974767542935	0.848740174969472	1.11944836623122	1.11976848839206	1.25683274007659	1.54703085771758	1.62211540153729	1.62384197727765	1.69564313746808
0.660805132730809	0.661528525679322	1.06594173842507	0.352558001465792	0.825893513428261	0.826837424772232	1.19024579697250	0.371273589707101	0.828738899973804	0.829705096635611	1.18871656356223	0.714800917973448	0.977676951621433	0.978992277414252	1.23804787426311
0.902047463264712	0.379459703445773	1.15032260255281	0.594024882363912	1.21791968767464	0.737730094826309	1.36162053863248	0.887160568391231	1.48040620573620	1.13036822576272	1.69237886598667	1.45824592696307	1.73791981281186	1.45824592725691	1.73791981310251
0.748966468191197	0.317021542247277	0.928464589089690	0.711904701984651	1.14896147815165	0.882407953052892	1.29751490968306	0.456800131046116	0.961349673612983	0.550401292006652	1.05494749939622	1.10673009700141	1.34934892058699	1.10674955097672	1.34936787791463
0.333908433354572	0.666235787624513	0.829260673297691	0.472806257288027	0.570512987030514	0.836768460106097	0.934460607205328	0.610373674055198	0.757082851271609	1.06362483272041	1.17230996879486	0.987856645770318	0.988006650949174	1.23370405172318	1.23370429188872
0.509315442759365	0.512507289323351	0.594843241381077	0.412483649832413	0.604003817865389	0.609259001297117	0.678902524343399	0.414904181864817	0.602967797650610	0.608259964329884	0.677669657932202	0.649616617014566	0.696480658322937	0.704321369980580	0.751130254302054
0.374374655946583	0.840753613087511	1.06683228917636	0.847982460691532	1.07632835147526	1.36359603121626	1.55833316073183	0.527532487674168	0.643125760107051	1.10777029194533	1.22334811858255	1.32778639469824	1.32786679759780	1.60347573386518	1.60355360685074
0.395114811145682	0.706056692274022	0.893314442191731	0.642515430282701	0.805727612468021	1.10072700569507	1.22220345028923	0.660041544200637	0.830113715425389	1.07143469852028	1.20743572253492	1.21424814835372	1.23840869976594	1.45733767663039	1.47465593856366
0.558451697752495	0.342966699748430	0.688788342958874	0.548718781777432	0.860787865811895	0.675556172815381	0.948587654177986	0.529550795702954	0.893185032841193	0.649246090921206	0.961365490120974	0.976023751424912	1.19327497338157	0.976025292314803	1.19327651352873
0.706891022390267	0.320244118295885	0.877136867001371	0.571421387276682	0.876230945206085	0.704695600336155	1.00950479225772	0.387981662531198	0.893284689993402	0.674564068155330	1.06344980066420	0.949713247688707	0.981143785818888	1.05215543609010	1.08358572156090
0.794175235950002	0.261403299430096	0.959502902671508	0.642812341814141	1.00996080801054	0.780564881783911	1.14771249598154	0.509526232559601	1.03315274756592	0.671499961140966	1.17540757666683	1.13667517166851	1.13668438034086	1.17539878673300	1.17540799414858
0.905088379606762	0.578995664988712	1.22124282941063	0.816733686184199	1.17980345226609	1.06875677906516	1.42792711677733	0.709862920081126	1.21542991087671	0.998401921864037	1.46407403590705	1.40711784225634	1.42984522626051	1.47283329513856	1.49497021519591
0.844963783432096	0.432507030097915	1.09310766353821	0.656994363282229	1.10543679508845	0.826415705599623	1.27485813740573	0.756677084367664	1.28696610463368	1.02123301188869	1.50452981469366	1.36084637015474	1.47008209870001	1.39533005839838	1.50456578694364
0.529301964331612	0.223397971485811	0.634983479484523	0.528908364510798	0.762249835790063	0.634519505532106	0.854912632375939	0.296812159669012	0.647919221523473	0.399836023253032	0.728285817727726	0.776753759861415	0.849244453161026	0.808019503470620	0.878010263557072
0.370499058184078	0.151486158016530	0.433803595513334	0.243079706336924	0.440886453984151	0.283037823902324	0.480844571331334	0.181711503676550	0.439040609413672	0.247209303099677	0.485167772230923	0.362683157395608	0.508700144879647	0.378501055463271	0.524518011837928
0.288750796792679	0.228644590091376	0.398420682263138	0.330941343793462	0.412378598910340	0.389732271929937	0.470638947764234	0.112509936968860	0.333140721812539	0.295970555978778	0.440949442036843	0.407504689295123	0.449952155119945	0.456927420097752	0.499370415241034
0.256427636981712	0.329734017832704	0.444256881055184	0.370645353685436	0.439628987639736	0.462216603820938	0.529590281230011	0.142902715322151	0.336545346555929	0.385490025948010	0.496614090220558	0.464337879214596	0.519585495694820	0.510835948299432	0.565862565774562
0.665377510434809	0.758509592576047	1.12053074413617	0.735080138470695	0.866720756779114	1.15657628913175	1.28027532412851	0.638505289112831	1.10906678479312	0.940242441030313	1.30219945584105	1.21738847009161	1.30723364916899	1.31174464847728	1.40158235325303
0.890242737143780	0.396652903047994	1.14214968279175	0.837172769544237	1.16052796878513	1.07042653726107	1.38884535891171	0.432257365667630	1.15731809078211	0.755873161884044	1.39466783141049	1.26010262455547	1.31799456510992	1.41283651590926	1.46770511526370
0.780631975935477	0.480503084475781	1.01031538828820	0.767229325479311	0.922060097088378	0.990245787489700	1.13818648134682	0.581026710926828	1.26471536760673	0.899177362057845	1.42580233465687	1.29058876854482	1.38374229392912	1.39520954709745	1.48598006383625
0.481056793878754	0.223688957979960	0.577749947380531	0.374105603704208	0.573154045010471	0.446312087251139	0.645360528008148	0.112573526236481	0.544463147345884	0.310978372032712	0.639179586533837	0.469825247863146	0.635210913481502	0.533214636602816	0.698600136733649
0.828400912956379	0.428470275042432	1.06874852402881	0.817803398457570	1.03147469262613	1.05398853021929	1.25897294149347	0.674405555332946	1.42879017743190	0.896133131889801	1.53603676351182	1.43128962661648	1.55474857377249	1.52088870729909	1.58738189790884
0.612853200471682	0.522818869734572	0.728169736974976	0.626128780505445	0.928163727301355	0.881447657528539	1.03465194121536	0.578292636415055	0.748550182237872	0.660636882717312	0.812787263354181	0.982701327888639	1.05698890517257	1.01741910341723	1.08610182470850
0.569526418550345	0.185418181221040	0.669204619762525	0.447863399973616	0.690058306802212	0.530449823550370	0.772605150046785	0.168791928510232	0.663735084631506	0.314467631781660	0.755592286514374	0.598592183361292	0.778228426191362	0.658546222964423	0.837517939646467
0.509923784337295	0.241937750800898	0.616018988588777	0.395320202237047	0.611326328153821	0.473354769419291	0.689360895195759	0.236768851093110	0.746155653322770	0.476379568714967	0.850454925278779	0.632077282703962	0.846018793736538	0.707116060073392	0.921057571095734
0.820122989373224	0.707606905232937	1.21399752360034	0.781089050039620	1.25811482877722	0.932190886864712	1.39797794203404	0.710891598374045	1.02298742450870	1.20953104339211	1.41666269153425	1.33144830246891	1.43072067385373	1.42929784900126	1.52852145620385
0.786812995837147	0.418526557318913	1.00849703447098	0.596719430031034	1.07522218923220	0.738513225794986	1.20760066664742	0.633375484024321	1.06501345449336	0.956327332765361	1.28625158343950	1.17009643157677	1.22769931888117	1.27629041863913	1.30150716845964
0.867160162640274	0.568166907248026	1.15486365200045	0.725519882944913	1.23846740045733	0.911436476274907	1.40020435950712	0.756807452879260	1.22092874626881	1.16476304931342	1.50555427822357	1.36194088631622	1.42475490094284	1.50556887983268	1.50556890881876
0.731190333243226	0.421154944058670	0.931838629664967	0.507015641723380	0.940818894411212	0.596242706843334	1.02897259946530	0.787520674402534	1.17910697698726	1.05583891533939	1.37315917365184	1.19896782651364	1.35489374831780	1.22607556303123	1.37749436634635
0.789119213801168	0.423108098805451	1.01277916046262	0.740508875268671	1.30913798545258	0.945154198812965	1.45829357860322	0.645431064568012	0.998522542125538	0.865398727066231	1.19479112805753	1.33107719082303	1.46009006880050	1.36865876325885	1.49182835579184
0.664416793998663	0.736940915077972	0.872176740863016	0.820395215567035	1.07383407721124	1.17851563860166	1.26252543781620	0.730954941445038	0.857989201286346	0.902427280750778	0.994661113549081	1.25188570928086	1.26237316628491	1.33995896944230	1.34926160686620
0.547164728538192	0.871283983957440	1.15951061724572	0.782758980612051	1.01427956899763	1.11836914307463	1.34642245221992	0.657892330773890	0.947269615185972	1.15752031612970	1.39381296190744	1.32651827945944	1.40222992339030	1.34739369360345	1.42241864641801
0.272759790671474	0.762785409691430	0.927611492221489	0.624474879126709	0.761950730107014	0.956817644268476	1.09429212845042	0.488292426094085	0.643310317466848	0.983972340569474	1.12058424558887	1.08590828901287	1.12057076790503	1.08592176984194	1.12058424872690
0.386845029740532	0.711457397050785	0.899241956300009	0.567615338228330	0.699671995619714	0.886254368516890	1.01831102583681	0.644927367711397	0.844781794723445	1.07891192134813	1.23310505480572	1.12562698941564	1.15025673951597	1.21126804726061	1.23589779734645
0.236837375431031	0.523672333023091	0.631524034201159	0.524412742487811	0.632411147293493	0.777074922087767	0.868246090471134	0.309820026836906	0.433024181460827	0.641421203819023	0.731687585894471	0.786121489981999	0.825441668849138	0.862087138543352	0.897138084584664
0.123747870721753	0.336160132444545	0.388676604149074	0.220480685974935	0.255771282650923	0.397538734189659	0.432829039658549	0.143057890772293	0.211769788261764	0.392829333432934	0.436243011278669	0.325045709979180	0.343551781714991	0.454207145413095	0.472713208299843
0.456506058137073	0.912465405603477	1.19846486677700	0.882523010617249	1.15450688099032	1.18278143428389	1.44711461152786	0.495776428886902	0.775860592597190	1.21274335067184	1.43519791571210	1.33679786927951	1.45863404874846	1.41077347372150	1.53009679751186
0.427926103966098	0.644089816544890	0.807703976422794	0.638777922069351	0.799895091578828	0.769083955336555	0.920356389925712	0.463757786157251	0.770051055980666	1.00828402013426	1.14231630594430	1.03923238262180	1.13638960873194	1.11747681712509	1.20981845488931
0.292625060924093	0.615076810568241	0.755688088195822	0.486929052290849	0.592615167966455	0.750205104407989	0.855880330247081	0.149797021860208	0.408640073020067	0.704651312309361	0.841058566208219	0.616056633590690	0.707836763916718	0.838285705833134	0.930065829184974
0.521806356628654	0.903575048644260	1.20651473866001	0.866029881474052	1.14684829851147	1.19637176021506	1.46564118260518	0.548906656744318	0.887906688341447	1.21309132413906	1.46803573936831	1.35894521076703	1.49823761002267	1.43571982200928	1.57069421227258
0.364744295537154	0.771100077937361	0.972559517563803	0.754081623356282	0.950425047223022	0.950882269505952	1.14101130375975	0.595047078225065	0.806287255071396	1.29897945905373	1.41172935396317	1.30065044874903	1.39154625150721	1.40614729847136	1.45327070646872
0.264063462855156	0.513960463260334	0.624699336509873	0.637566710090273	0.775139609397751	0.811546920918610	0.919976531231499	0.238842901952559	0.334152657540671	0.628218215787506	0.685386813534884	0.793006795090747	0.845228802429884	0.919382310406525	0.960763612985482
0.162640150041209	0.464362956552177	0.543069895068612	0.351012906198261	0.413352566761278	0.560069143696647	0.622141996035147	0.145677046969350	0.264008549774787	0.541920451081123	0.612112694806127	0.469530701694694	0.514720958422865	0.631385035794077	0.674011176175439
0.292544148425360	0.635496396414456	0.780750461776523	0.487248474912813	0.593032820932267	0.784007710632132	0.889792056109044	0.391253256525932	0.561550083442429	0.892541853126895	1.00573645529676	0.813101230963288	0.858784202224400	1.04061336453574	1.08629633579255
0.486245192055753	0.900819012272781	1.19162685739629	0.692584562696714	0.875894589652274	1.26776611033343	1.44276441018457	0.776121544790166	1.11936112338715	1.23345287015127	1.51489591533034	1.40550814047140	1.50589484384285	1.46675075576111	1.53239505399188
0.592130259923674	0.780411256707421	1.00258983449259	0.597279901128284	0.735078155035582	1.00110695564544	1.10533770316946	0.850467671464684	1.24541001179931	1.26190561627229	1.48403929100817	1.30013966292616	1.38319394911620	1.46070863940136	1.53427636305018
0.578180865890127	0.915059951459296	1.23861476818763	0.756584585217448	0.963652134736718	1.29917064346269	1.49228844905913	0.791086743130459	1.21305813341320	1.28015592999046	1.59783181315312	1.46097643019576	1.59785521031518	1.50783303728276	1.59785584621406
0.401076248061770	0.731896815984922	0.929539461179732	0.494652485834836	0.584802969060582	0.936475149711262	1.02662462730450	0.763752382834145	1.03739757516832	1.15643914798265	1.35152452615753	1.17967032562087	1.21744514967666	1.32158264176953	1.35935698944691
0.434395320978285	0.784661156749328	1.00906001464787	0.747997940019354	0.957351211649600	1.33641599279542	1.47735399966565	0.659855878307787	0.882553623156733	0.981105991022183	1.18078944456783	1.35053680439050	1.38596331376670	1.48056900397888	1.50938970765642
0.354683761177953	0.784411122773794	0.986444912684577	0.383411872719028	0.419305560047242	0.995731975061602	1.03162441510003	0.675127527319732	0.971495622443264	1.09832766156041	1.29970684278999	1.00917275434869	1.03437601012626	1.30499544601718	1.33019657533660
0.235227285077674	0.527923135443100	0.657013321716663	0.424480585516155	0.510167626426555	0.766531763388483	0.845695716163627	0.334394575566847	0.418524811011462	0.647325950281963	0.731240918182269	0.677864092841254	0.691546141049502	0.885927982479928	0.895782005881470
0.756976762852756	0.753999824268173	1.27729126765607	0.481896490055130	0.974903358847876	0.970414101229064	1.41203236205177	0.285216359046872	0.934220997364486	0.930655183089754	1.42406240444677	0.765168482019460	1.11094649838029	1.10522326853705	1.43652205576024
0.579051237651565	0.291060927564010	0.710295148895576	0.394803324908247	0.715423774573067	0.467170026310318	0.787790036395447	0.437114848907485	0.878063969064955	0.643786976895422	0.999957895283208	0.775716409018480	1.01385019321032	0.817520933751873	1.05564968367351
0.932453099131964	0.396628539134848	1.20044255576077	0.959943421367209	1.50483083373004	1.23997463096521	1.75247208329561	0.472504782669703	1.23512463895437	0.668312681685389	1.40550320968546	1.40995907573598	1.77383246286325	1.49025630098380	1.84793246019789
0.295020230598319	0.588086776986570	0.722349523794942	0.392556825736978	0.463002161997718	0.740453013844477	0.809208949088957	0.403538387050711	0.674728338312701	0.898031548556576	1.03213526847672	0.779789527374279	0.842498793671464	1.03569880973671	1.09260393314086
0.409916761265926	0.930321996385429	1.20396784159155	0.964392215682663	1.25394572778813	1.51540896125682	1.76838786346786	0.487267704038754	0.676121382892935	1.23769024567994	1.40359248237645	1.42529291621216	1.49872517985567	1.79050294858681	1.85795524736995
0.639287681112576	0.378332058875065	0.803566188123931	0.510703336014860	0.785579309178618	0.648371677640079	0.910471777987150	0.526800972186211	0.778221092169474	0.641255989050375	0.892499668484095	0.891875767737687	0.894297556988902	0.908059295240513	0.910481075912547
0.738303884999906	0.530630349543649	1.08887527358364	0.917492909978399	1.52475347309536	1.23156697508391	1.76273170851570	0.620955028864190	0.910084158744553	0.911730629873944	1.19923769995098	1.48573462756668	1.66774698380475	1.58966654563618	1.76368370121858
0.690637957422850	0.507590440149528	1.01630983388119	0.556202630657947	0.853407650682031	0.812125307393439	1.10733090629618	0.877350437453420	1.38742516985511	1.16154231793786	1.61543955687517	1.35520693595820	1.52779531769470	1.45300147083152	1.61546491017975
0.801892740880341	0.278918433678734	0.985379328113449	0.576514418979481	1.04339247470928	0.714414578268407	1.18112158687351	0.753085506426147	1.31717121133797	0.953807758468799	1.48517556641986	1.31218493415549	1.46372308926315	1.38716438676320	1.53728050318722
0.927450188401620	0.516815020298362	1.24370049090571	0.968662388903553	1.66403169700484	1.31391316873879	1.92649044629800	0.748844634341222	1.25494905006882	0.961708349243651	1.46780778446948	1.66996175422841	1.92951476184415	1.75461692642056	2.01410070784098
0.682673751134423	0.429399797309471	1.05039256114454	0.461432016199346	0.863075414344117	0.847868433515690	1.22847918502325	0.464809758557121	0.862841516971837	0.837344574413711	1.22314442561418	0.919053955236284	0.957625907385213	1.24604923913186	1.28434762196661
0.954042383453655	0.373155726034718	1.21838757698878	0.775881367010555	1.34135141418512	0.991634013238099	1.55320267752913	0.773412540226913	1.34219029714590	0.988413905783786	1.55329099722921	1.53215347669795	1.55998817753606	1.58442944574960	1.59238289346014
0.932703034388676	0.153495292191280	1.05178863912627	0.608781541613756	1.27612965256553	0.699348989881584	1.36669707816669	0.869181756284943	1.46602440859115	0.988377679318565	1.57774017397397	1.47737974240191	1.64164721973390	1.53185001370998	1.69611735104420
0.687101098285492	0.135297278593679	0.774893274130216	0.641932061042753	1.13942049487750	0.726418069657516	1.21285101127091	0.485664724271092	0.867363187930476	0.557197039444068	0.938895502238846	1.11390976767867	1.23888622437258	1.14785821576922	1.27283467228582
0.671449933310954	0.318499026022839	0.961261569674049	0.459518559098728	0.848951001407898	0.735920602416974	1.12471548049870	0.452088916309210	0.846806103380781	0.751004928095911	1.13571629875306	0.908329539602416	0.910343279846276	1.14957501957538	1.15103991525763
0.575234358363954	0.0858616609538227	0.629917686606825	0.305150988211811	0.708136992328169	0.344347201045469	0.747254447373902	0.310448459398284	0.708866138448328	0.350049659559353	0.748387652917783	0.605315625698824	0.828727357727465	0.605444803660330	0.828824285651521
0.595372799391064	0.618815793817332	0.691725360858495	0.511487364815824	0.702591351536778	0.745529974827775	0.795437158226975	0.514927562286487	0.700330314548171	0.743726618420320	0.793086894049216	0.786264105391417	0.802563193997292	0.870330012620955	0.886600660371598
0.644783266051439	0.0936791709552765	0.715800325870373	0.296612486676036	0.793276459080189	0.349059599510155	0.845488276109362	0.511955028880839	0.919676513461390	0.567273298806315	0.974897338513089	0.805877625576395	1.03172456097000	0.815938258592523	1.03824611379217
0.764711514501407	0.478324888970231	0.986323194808340	0.725720544442399	0.923892318591567	0.927567017323020	1.12039265267921	0.534825083171058	0.985740049694612	0.682531189192797	1.11204065566172	1.09115226562238	1.12062851430381	1.12737349708916	1.15635152478622
0.604059836916355	0.971639223056560	1.35246466471063	0.799332967528874	1.03357194609694	1.36003913381446	1.59427811226877	0.909226257446024	1.35125551701953	1.45044905788447	1.81723053150310	1.64294314862075	1.77616028971434	1.74900688159205	1.88222402235998
0.780601454231746	0.619178511482922	0.993738241622963	0.738633091006485	0.888637268858083	0.946263430943752	1.07971128399817	0.714374313857770	1.17550273806076	0.953336216893856	1.30249671145994	1.21722044425975	1.27136701775283	1.27461495092009	1.32453731370443
0.555151870892664	0.520689951615108	0.950239110368616	0.570339754553541	0.698581405637991	0.957226820421149	1.08077977599893	0.760764131045552	1.24181773384999	0.980500162269681	1.40994662738430	1.27508349394306	1.37880998649370	1.40543214925124	1.50491684151777
0.487477302369118	0.362949163374735	0.736002028783155	0.486377426123245	0.611227020106546	0.734604824901823	0.850121963591085	0.628723138865901	1.04304885501888	0.784697567767803	1.15519884105395	1.07077861846731	1.15599582930763	1.14781976431383	1.22984815357862
0.318388042388338	0.437444005418002	0.661429799140815	0.560580321958198	0.690373837734485	0.928668068658731	1.02853085112735	0.430103651016797	0.652439199287176	0.544319805468427	0.759868040927904	0.949855819237314	1.01843819925233	1.02496836936739	1.09018462690482
0.350142537297010	0.605122564954227	0.939470321847121	0.373980462913602	0.428369589983287	0.961721049545384	1.01568168169788	0.613621527257531	0.954936398118735	0.918099642497008	1.25216419057561	0.986852949175053	1.00020860007728	1.26916187729551	1.27821133084474
0.733914156898898	0.245938589662469	0.916764363933101	0.504960144571829	0.938943004599895	0.652904193793700	1.08601436045806	0.510377138377934	1.17223787156382	0.660655345603460	1.30171983719473	0.995111259127440	1.37532739832852	1.05671889530942	1.43353601733827
0.603715558241542	0.0799765447033686	0.659314521007579	0.402862247156897	0.753546358212087	0.456915074060604	0.802884314509007	0.408802040932930	0.921303136536144	0.463121998204065	0.968073077220798	0.811215393718284	1.03021525359634	0.826008069583161	1.03916143327625
0.871942142032268	0.367238070028724	1.14200800993061	0.976859575529121	1.45711428989937	1.24819257439128	1.70772524428972	0.386536834476012	1.14218819271987	0.555193218925017	1.29774618148487	1.33678962409989	1.69261424322376	1.42312463877961	1.77893867379790
0.560360057220683	0.112705671445771	0.627789828894803	0.556256616834171	0.853256212258644	0.623420957737496	0.914266516754884	0.345909405359057	0.858159499042629	0.400213339863572	0.895390488846133	0.898423820724884	1.13080243856993	0.902518867922155	1.13475403710829
0.773234045416498	0.489300868976558	0.999865546809406	0.544058942088835	0.998823000450841	0.695362980873048	1.12780664436259	0.735828366890164	0.936623134618782	0.942766172710777	1.13766236442653	1.10658102886928	1.13811424091592	1.14432462116527	1.17529247773635
0.360453665088306	0.500434985455203	0.751396842633373	0.489958793887058	0.738170884596498	0.622106366980303	0.862452205630082	0.628393174098665	0.784011678857246	1.05542296527249	1.17106313635984	1.07606434094286	1.15288921463657	1.16441139623078	1.23750305798563
0.558236927668373	0.583652208533118	1.11138881957527	0.855734438038308	1.34694722008877	1.13594160301723	1.62714694738852	0.849279004862291	1.12421758734944	1.36189626388877	1.63683484111425	1.69475776232857	1.83639562387315	1.82987395925093	1.97151182079325
0.915435057382116	0.531162085527297	1.32461723812948	0.555106132233629	1.32863198177113	0.623164839898391	1.39557600478123	0.863313516455979	1.33040657774979	1.32048769290088	1.73876161119577	1.35922135951140	1.74056390562098	1.40783021770503	1.78022497821244
0.603472531594142	0.984967090855117	1.47199129337530	0.994315750104610	1.49949944763123	1.49651585892194	1.97342115744368	0.635180635222499	0.706366651868768	1.49393114807885	1.56470267004983	1.56466203562045	1.58985369696510	1.98518783804225	1.99655780012974
0.824017488824180	0.656742726567169	1.06359289046377	0.759466759961023	1.25509745946085	1.01463132269676	1.39500464503753	0.785154055448918	0.939462696730673	0.995668239111482	1.14532110367889	1.29974591437689	1.35801727574664	1.34622833975336	1.40324744652243
0.976452928590329	0.319142705981277	1.21733567593258	0.870207135382546	1.71981016784893	1.09225215044986	1.91003913476765	0.888225752808212	1.31161791170441	1.11464034883880	1.53390238501531	1.75134537747143	1.94500432067608	1.87612026575706	2.05495604979578
0.859489804955599	0.262469698613078	1.08516930158863	0.629931820280164	1.39604366804053	0.803964946991862	1.56262664812244	0.600188536625435	1.14225382967297	0.791648127124362	1.33130613650005	1.22759359468394	1.65258021831433	1.31031462773394	1.72376222580853
0.844620940098970	0.594978499816031	1.37299059682600	0.289858906747370	1.05368737982143	0.791216292519210	1.52638916641277	0.557861892825202	1.11645744457341	1.11863972763056	1.64374734847612	0.847680309072411	1.30224471530785	1.27149592961962	1.70067149588293
0.321338653399014	0.566967130132726	0.698983963807972	0.448433472660567	0.561740158153395	0.684418230450786	0.787634156990211	0.444470326070845	0.556165942168958	0.685865748024059	0.787564483404751	0.758471163459659	0.780794508879365	0.793116644177866	0.796737772806150
0.937067499626536	0.160609286521408	1.07072990511441	0.360125703139398	1.22080786593666	0.430136778615205	1.28975136004814	0.986781831720211	1.57089391436196	1.11844409717904	1.69700010802141	1.34654548019577	1.71518001895385	1.36896096962038	1.72570470621235
0.796793578410084	0.155559300217261	0.904894102172225	0.549932021348591	1.31078279569001	0.635731278232337	1.37120954233775	0.580365584116736	1.03395887401528	0.669208228088199	1.12280111434703	1.12905677473153	1.53460759434185	1.12911742256398	1.53466638101077
0.859899426823150	0.362495988701754	1.12829226514738	0.378386476766152	1.13117435881477	0.554873119922611	1.29038633372442	0.976500327156837	1.45635122465056	1.24474532894462	1.70431440038740	1.33114338755364	1.69447168519912	1.42381953159300	1.78714782909631
0.783882554734402	0.316409841883486	1.00054333017730	0.626029987838983	1.29647578887353	0.829796198519116	1.46419967427288	0.596298522315826	1.00752467934191	0.806565342412624	1.20691515231959	1.19974307506086	1.50584020366733	1.27750842148734	1.55893313224334
0.647557316357130	0.129832438334004	0.730181400685467	0.403644046442442	1.00814744674998	0.469916806881862	1.05386286008969	0.657929148014321	0.999954794193467	0.740676953971359	1.07582764374061	1.06061147459306	1.32829458882907	1.06494309530999	1.33244262398239
0.998517722577966	0.581215810173292	1.53460272423567	0.191838313430605	1.16215993478615	0.684820547559125	1.62869241511848	0.935008532300230	1.47581691179510	1.45226980440592	1.99116583882620	1.12509636516623	1.63624734170801	1.54967810917301	2.05047264779390
0.234208132636655	0.846922195435317	1.02120217417805	0.628482060000709	0.774812350414554	1.17284419718434	1.31707543587616	0.637705802793706	0.782228096432243	1.17189449203208	1.31510502000535	1.25808304450665	1.31247096171697	1.32499930266358	1.33192995642566
0.339428419456540	0.908585255580740	1.14569690998672	0.656340262773768	0.825616852018758	1.23200316158567	1.40106150737106	0.888180897026336	1.12955720268636	1.51898888292908	1.73212089591321	1.52823766957853	1.61130337361438	1.73376386941215	1.81591840826498
0.304569177785262	0.813630167547348	1.00769624772574	0.812152465611144	1.00449704055147	1.34702718287358	1.51315991216164	0.588817144161323	0.730290034176858	1.06217051094680	1.20355273955963	1.35839214446498	1.42765259628192	1.52650061579526	1.59553911044381
0.161918400350982	0.602615674461857	0.715123933037624	0.331856819508601	0.416695098144315	0.746692755523218	0.831514369612361	0.331996475812348	0.416264925308891	0.746710203609417	0.830978573305930	0.628383367271242	0.656623835770778	0.889048207294474	0.917226942680677
0.131459124986746	0.767107587994734	0.858309399122901	0.535231022853076	0.609501228732514	0.989616161318433	1.06388636517086	0.693106179867248	0.779230447234020	1.24006255560381	1.31792195337163	1.22058357781480	1.25724891604740	1.35547902424399	1.39214435958886
0.152854486928376	0.939556452162255	1.05891509611728	0.885356056227708	1.00166297026912	1.48935689781856	1.59941460256279	0.616119035215997	0.707061548113567	1.29050780666024	1.38145029140326	1.50056784810499	1.55420083982209	1.67610423785404	1.72973722940097
0.493760858253708	0.794368365164441	1.03227697667095	0.729470127735595	0.992253919806519	0.960596989479642	1.18915974790791	0.560248194906242	0.722248226430893	1.03244403889873	1.17263172161072	1.11866276159232	1.17725818390883	1.18916080477848	1.18916852136773
0.117245781788014	0.697470667088157	0.788095133890517	0.306480188448098	0.370595540872328	0.861208316613086	0.924919634867907	0.563329149463045	0.633161777532434	0.987841403207852	1.05767396004644	0.865244011988272	0.878931313918722	1.11982326383478	1.12795980510655
0.101487522685260	0.749534115519957	0.828642123552415	0.614901060138414	0.679754849905950	1.07741281568390	1.14211114918410	0.350764362897071	0.408280677152546	0.940397745305287	0.997645690010370	0.965278629916312	0.974412072785833	1.20944101258746	1.21534828361104
0.596188503082061	0.761548671207613	0.966734455389921	0.719923470920937	0.920753209758051	0.864078653346557	1.04907216628742	0.690335510225336	0.922307033282122	1.14590433973633	1.26841489703866	1.18461382191282	1.24140949377537	1.23631204584553	1.28909426481101
0.332865676735867	0.972919803309435	1.22108145600641	0.885092484469816	1.12048764278896	1.29930837710248	1.52938457974675	0.871478600457176	1.10337843015828	1.74063499440039	1.93296026673771	1.75266332080230	1.87321344390623	1.95845112999193	2.06099423135947
0.356264676650955	0.822884323548765	1.05624510908259	0.639931927942753	0.857946210298316	1.06751814597229	1.27493112041264	0.656648194117582	0.873258360275052	1.37149973402502	1.53777304574277	1.26370527954830	1.32773233843157	1.61065991950757	1.65621918058104
0.0861938511302452	0.645793469042866	0.713860012944493	0.432458986075862	0.492227749845090	0.809933986286740	0.869553731391190	0.444887358584435	0.493211586267501	0.994314428335471	1.04104150097027	0.877245831234803	0.888873023441792	1.11218000049198	1.12143077628175
0.115509108252038	0.563332884085168	0.634012977183651	0.561252407399036	0.630105439744197	0.856771043656905	0.920334438793134	0.347844811042380	0.402418201762806	0.869204567281129	0.905336651836232	0.904734652315517	0.909769133327377	1.14732014124308	1.15225789154643
0.285074285039646	0.906738987836421	1.12280974565219	0.824524966236841	1.01630809938387	1.53517474977330	1.71127109842338	0.763136818304842	0.954465448109531	1.19527657414213	1.38657527913820	1.56356715947447	1.68338853858289	1.73115061485017	1.84240913832344
0.251035949563501	0.849504793318669	1.04847549266092	0.281239286052041	0.438398070355828	1.04248556530915	1.18806919193305	0.868198799145749	1.04771308941468	1.35002380166745	1.52596506901988	1.13888440576330	1.22551394358045	1.52637318611719	1.60766595824093
0.392764994419401	0.937187323340463	1.23907773332289	0.729444482672158	0.988919352560685	1.59572818844897	1.81076588578823	0.781998552656435	1.03476967558637	1.26513927238345	1.51660935295208	1.50564165055435	1.58924398374735	1.90016434289750	1.97836455073581
0.158091022876960	0.947029140924950	1.07545278354589	0.341624477392606	0.410976050251923	1.21259547554237	1.27988516490228	0.992408507777609	1.12340344657218	1.57107774906734	1.69440302181338	1.33199039221642	1.34103560134153	1.71624602158381	1.72488586456039
0.512589766899631	0.815312313532170	1.06621615731730	0.580373420239474	0.722471492756543	1.06617061106038	1.19521863851972	0.777662274906523	1.00745676760363	0.994458379358593	1.21823166969045	1.18406005545103	1.21145241470273	1.21825303294517	1.24530141443765
0.0930610844779797	0.710663506873926	0.776763638746082	0.497484890038550	0.559092813116169	1.07257375368317	1.12783444076397	0.459754238619609	0.513587612230929	0.905101253422911	0.958908494974069	0.957232949577897	0.966075834256561	1.20669105228299	1.21530217858653
0.112408984625483	0.567492209070976	0.636285584977797	0.354439247045173	0.411850776264658	0.875849526169620	0.915887559912016	0.570143980618865	0.638053950014294	0.870852312152547	0.933094559539552	0.922038304095285	0.927388352418573	1.15560421977284	1.16091912023816
0.378369112592358	0.622800563585516	0.946920763753221	0.125460497460050	0.438995783148152	0.700802269059746	0.990435744959725	0.624900771040715	0.944510292694364	0.934106490931846	1.24204530730869	0.738258788177782	1.00510897702305	1.00874824279317	1.27445991623030
0.645158522423572	0.814610939001293	1.04946374306935	0.749623206027806	0.999227916932754	1.24205169514541	1.37793402158172	0.774277643961919	0.988932119359373	0.929781755031918	1.13552009234378	1.28586644174947	1.33579163961247	1.34437205080997	1.39190600672405
0.394653239765088	0.864565849455400	1.17077601771277	0.643990274274849	0.895674542613996	1.28495204187098	1.52131655763835	0.931175163125993	1.26179760604735	1.66730465745508	1.95206430893575	1.57344287326377	1.65849943049044	2.01166354376635	2.03777054082322
0.905734250469798	0.416280047316887	1.21633221891817	0.678722366819428	1.34455141180561	0.943191427986779	1.59417258910423	0.967942537313235	1.75683852427230	1.32351021452403	2.04956797282406	1.64663390202397	2.11408824828493	1.72802778984253	2.14032920890968
0.638011073053955	0.129271106448361	0.745809840878621	0.630504020880483	1.15292588380174	0.711013011437401	1.23122684191553	0.622766567675524	1.15638609160930	0.702719239893868	1.23378303056756	1.24953185517870	1.57046323769246	1.28397931513559	1.58672752895797
0.110943881191907	0.547327296979343	0.628287456268925	0.526384116727994	0.597734913022734	0.964189442067882	1.02867009581133	0.526558038549913	0.597919737916771	0.964474157600577	1.02895567978492	1.05293953869604	1.06207812404604	1.33231569974283	1.33748431247938
