    1.0000    1.0000    1.0000         0    1.0000    1.0000    1.0000    1.0000    1.0000    1.0000    1.0000    1.0000    1.0000    1.0000    1.0000
    1.0000    1.0000    1.0000    1.0000    1.0000    1.0000    1.0000    1.0000    1.0000    1.0000    1.0000    1.0000    1.0000    1.0000    1.0000
    1.0000    1.0000    1.0000    1.0000    1.0000    1.0000    1.0000         0    1.0000    1.0000    1.0000    1.0000    1.0000    1.0000    1.0000
    1.0000         0    1.0000    1.0000    1.0000    1.0000    1.0000         0    1.0000         0    1.0000    1.0000    1.0000    1.0000    1.0000
    1.0000         0    1.0000         0    1.0000         0    1.0000    1.0000    1.0000    1.0000    1.0000    1.0000    1.0000    1.0000    1.0000
         0    1.0000    1.0000    1.0000    1.0000    1.0000    1.0000         0         0    1.0000    1.0000    1.0000    1.0000    1.0000    1.0000
         0    1.0000    1.0000         0         0    1.0000    1.0000    1.0000    1.0000    1.0000    1.0000    1.0000    1.0000    1.0000    1.0000
    0.3333    0.3333    0.6667    0.3333    0.6667    0.6667    1.0000    0.3333    0.6667    0.6667    1.0000    0.6667    1.0000    1.0000    1.0000
    0.5000         0    0.5000    0.5000    1.0000    0.5000    1.0000    0.5000    1.0000    0.5000    1.0000    1.0000    1.0000    1.0000    1.0000
         0    0.5000    0.5000    0.5000    0.5000    1.0000    1.0000    0.5000    0.5000    1.0000    1.0000    1.0000    1.0000    1.0000    1.0000
         0         0         0         0         0         0         0    1.0000    1.0000    1.0000    1.0000    1.0000    1.0000    1.0000    1.0000
         0         0         0    1.0000    1.0000    1.0000    1.0000         0         0         0         0    1.0000    1.0000    1.0000    1.0000
         0    1.0000    1.0000         0         0    1.0000    1.0000         0         0    1.0000    1.0000         0         0    1.0000    1.0000
    1.0000         0    1.0000         0    1.0000         0    1.0000         0    1.0000         0    1.0000         0    1.0000         0    1.0000
    0.3610    0.5711    0.7062    0.2255    0.4787    0.6847    0.8021    0.5726    0.7082    0.6579    0.7870    0.7264    0.8254    0.7603    0.8551
    0.8026    0.3056    0.9900    0.6034    1.0397    0.7436    1.1799    0.6106    1.0379    0.7526    1.1800    1.1756    1.1909    1.1756    1.1910
    0.5086    0.8333    1.1716    0.7545    1.0778    1.0234    1.3394    0.6254    0.7799    1.1854    1.3373    1.2763    1.3391    1.3267    1.3645
    0.9045    0.5619    1.2800    0.6892    1.2948    0.8666    1.4679    0.8320    1.1232    1.1833    1.4706    1.4149    1.4566    1.4730    1.4910
    0.6998    0.6972    1.2033    0.7135    1.1992    0.8672    1.3485    0.7216    0.8660    1.1997    1.3420    1.2661    1.3594    1.3628    1.4170
    0.4440    0.8953    1.1686    0.5751    0.7615    1.2037    1.3747    0.8326    1.0790    1.1229    1.3675    1.3396    1.3806    1.3612    1.4020
    0.9086    0.5627    1.2816    0.8370    1.1262    1.1964    1.4779    0.6881    1.2998    0.8595    1.4673    1.4204    1.4618    1.4782    1.4981
    0.8862    0.4772    1.1675    0.5930    1.1896    0.7628    1.3490    0.8309    1.1059    1.0845    1.3571    1.3269    1.3537    1.3568    1.3836
    0.5925    0.9455    1.3513    0.7241    0.9120    1.3663    1.5488    0.8847    1.2556    1.1844    1.5543    1.5060    1.5555    1.5442    1.5622
    0.4688    0.8307    1.0834    0.5188    0.7064    1.0909    1.2466    0.7937    1.0283    1.0073    1.2381    1.1971    1.2588    1.2305    1.2918
    0.4869    0.8451    1.1077    0.4982    0.7162    1.1100    1.2784    0.8197    1.0696    1.0115    1.2565    1.2050    1.2927    1.2432    1.3298
    0.9532    0.5410    1.2958    0.6240    1.3192    0.8216    1.4998    0.9236    1.1836    1.2447    1.5010    1.4560    1.4938    1.5085    1.5460
    0.4975    0.8121    1.0596    0.8143    1.0631    0.9410    1.1814    0.3884    0.6709    1.0340    1.2103    1.0925    1.2343    1.1480    1.2861
    0.5908    0.9120    1.2358    0.8920    1.1998    1.1185    1.4181    0.6238    0.8325    1.2385    1.4142    1.3608    1.4328    1.4137    1.4847
    0.7299    0.5941    1.0351    0.7233    1.0338    0.8961    1.2035    0.5609    0.9217    0.9178    1.2077    1.1165    1.2031    1.2165    1.3017
    0.6880    0.4275    0.8714    0.6919    0.7909    0.8769    0.9685    0.2879    0.8437    0.5677    0.9915    0.8908    0.9348    1.0161    1.0558
    0.6577    0.7906    1.1339    0.7847    0.9826    1.1297    1.3231    0.6332    1.0148    1.0072    1.3241    1.2272    1.3354    1.3236    1.4300
    0.9395    0.5827    1.2836    0.9210    1.1410    1.2500    1.4639    0.6205    1.2911    0.8225    1.4659    1.4090    1.4567    1.4792    1.5262
    0.3943    0.7982    1.0174    0.7251    0.9191    0.9845    1.1767    0.5192    0.6668    1.0399    1.1761    1.1566    1.1824    1.1739    1.1996
    0.8504    0.4344    1.1013    0.7859    1.0578    1.0108    1.2804    0.5473    1.1252    0.7320    1.2892    1.2513    1.2742    1.2968    1.3195
    0.3120    0.8336    1.0309    0.6287    0.7769    1.0910    1.2392    0.6415    0.7930    1.0877    1.2392    1.2391    1.2391    1.2394    1.2394
    0.5021    0.9074    1.2068    0.8782    1.1616    1.1018    1.3813    0.5507    0.7568    1.2198    1.3949    1.3318    1.4056    1.3692    1.4423
    0.9269    0.5283    1.2465    0.8915    1.1442    1.1887    1.4378    0.6094    1.2653    0.8021    1.4395    1.3978    1.4317    1.4486    1.4823
    0.5291    0.7483    0.9768    0.6216    0.8589    0.9485    1.1321    0.6294    0.8541    0.9458    1.1370    1.0906    1.1778    1.1129    1.1954
    0.8090    0.5754    1.0618    0.6876    1.0323    0.9311    1.2384    0.6892    1.0301    0.9296    1.2339    1.1971    1.2160    1.2784    1.2970
    0.8670    0.7572    1.2557    0.7295    1.1194    1.1284    1.4619    0.8735    1.2392    1.1150    1.4715    1.3607    1.4729    1.4811    1.5912
    0.5694    0.7256    1.0364    0.5405    0.8858    0.9198    1.2064    0.7129    0.8881    1.0142    1.1892    1.1005    1.2012    1.1835    1.2792
    0.8536    0.5323    1.1287    0.5441    1.1301    0.7425    1.2862    0.8371    1.0292    1.1025    1.2865    1.2305    1.2805    1.3072    1.3558
    0.7611    0.4453    0.9775    0.3197    0.9445    0.6615    1.1427    0.7409    0.9048    0.9486    1.1067    1.0106    1.0514    1.1613    1.1984
